479,0,0
1,5.61904883,0.00000069
2,1.89127086,0.00000068
9,0.1710508,0.00000064
33,2.01312989,0.00000059
11,2.04815522,0.00000063
12,0.9402526,0.00000064
13,2.73932586,0.00000065
14,5.13282811,0.00000066
15,6.88815433,0.00000068
10,0.2557262,0.00000049
17,0.13784718,0.00000046
18,1.58996328,0.00000043
115,-0.92137282,0.00000051
19,0.22423845,0.00000068
20,1.52189527,0.00000064
16,2.29071131,0.0000007
21,2.00481129,0.00000061
22,0.36498115,0.00000047
23,0.87762716,0.00000048
24,-0.80185384,0.00000047
25,-0.21530985,0.00000047
26,0.42859217,0.00000046
31,-0.35024481,0.00000045
41,0.60468435,0.00000044
52,-1.05861348,0.00000043
59,-0.56899123,0.00000043
60,-2.88029702,0.00000044
61,-2.89800997,0.00000045
62,-1.77850395,0.00000046
70,-2.39113354,0.00000042
32,0.66200766,0.00000063
42,8.74893724,0.00000063
27,-0.22113378,0.00000049
34,-1.03924891,0.00000047
28,-2.0676668,0.0000005
29,-0.0346789,0.00000048
30,-1.41419489,0.00000047
35,-0.29837465,0.0000005
36,-1.23810655,0.0000005
37,-2.35296621,0.0000005
40,0.13197106,0.00000045
44,-0.52394706,0.00000058
45,6.4682139,0.00000056
54,-0.95586911,0.00000044
38,6.44825253,0.00000059
39,5.56571484,0.00000055
47,8.74931529,0.00000056
48,6.16470859,0.00000053
49,1.45742085,0.00000046
50,1.6386327,0.00000045
51,-0.93364766,0.00000044
43,5.66271403,0.0000006
56,2.85337815,0.00000052
46,2.27222888,0.00000052
58,6.50576983,0.0000005
66,-1.90813612,0.00000044
55,-0.84902328,0.00000043
94,0.23174716,0.00000041
133,4.02152457,0.00000039
75,-3.9599338,0.00000053
76,-4.12345378,0.00000052
77,-2.99100476,0.00000053
78,1.7262723,0.00000052
79,-0.44247392,0.00000053
80,0.54370696,0.00000051
57,2.43307089,0.00000055
64,3.2642529,0.0000006
81,4.07412391,0.00000051
65,2.5608957,0.00000049
71,-1.12974405,0.00000043
96,-1.78021849,0.00000042
97,-0.91907303,0.00000042
72,-1.85339999,0.00000043
63,4.37328996,0.00000071
144,-0.2145439,0.00000045
145,0.59943689,0.00000041
67,-2.6176061,0.00000043
82,-7.63008312,0.00000042
68,-3.25001608,0.00000041
69,-4.95935901,0.00000039
83,-5.83848112,0.00000041
84,-0.46274123,0.00000042
85,-3.0119984,0.00000041
86,-4.17574671,0.00000041
87,-4.38079483,0.00000041
88,-3.9293199,0.0000004
89,-3.06676491,0.0000004
90,-2.84440291,0.0000004
91,-3.77231405,0.00000039
92,-3.79713009,0.00000038
93,-3.52464701,0.00000039
95,0.39549627,0.00000042
137,-2.95117996,0.00000042
73,2.60463719,0.00000057
74,-0.3653338,0.00000056
98,-3.2196508,0.0000005
99,-1.5382637,0.0000005
100,-1.37471822,0.0000005
101,-1.24187008,0.00000053
122,5.78151708,0.00000057
102,-1.61119925,0.00000041
103,-3.90732667,0.0000004
104,-4.60670683,0.00000041
105,-5.62650692,0.0000004
106,-5.8666387,0.00000039
107,-5.49466875,0.00000039
108,-3.67701015,0.00000038
109,-3.62044118,0.00000038
110,-3.87716452,0.00000039
243,-3.26243844,0.00000038
134,-1.14269399,0.00000041
153,6.2562496,0.00000039
154,7.03324135,0.00000038
111,0.14598737,0.00000042
112,-3.17468954,0.00000043
113,1.19923231,0.00000042
114,-0.63982879,0.00000042
116,-6.66647285,0.00000051
117,-2.10573192,0.00000048
118,-3.15123213,0.0000005
119,-3.17039686,0.0000005
123,-2.76794792,0.00000039
124,-4.9065463,0.0000004
125,-5.48563365,0.00000039
126,-5.37808861,0.00000038
127,-4.67181838,0.00000038
128,-4.27595521,0.00000038
129,-4.33672809,0.00000038
130,-5.06891659,0.00000039
135,-3.24637439,0.00000042
136,-0.88414168,0.00000042
138,-6.31305487,0.00000048
140,2.05185298,0.0000005
141,-1.53338999,0.00000049
142,-3.45722469,0.00000048
120,-1.68188579,0.00000054
143,2.98961326,0.00000049
121,2.68615526,0.00000052
158,-1.05510073,0.00000048
159,2.56299227,0.00000048
146,-6.82835993,0.00000038
169,1.00541957,0.00000039
147,-6.22423931,0.00000038
148,-4.55370337,0.00000038
149,-4.85414867,0.00000038
131,6.68850361,0.00000048
132,4.8319546,0.00000042
150,3.88133962,0.00000038
151,4.53371964,0.00000039
152,7.03256148,0.00000039
179,2.17719379,0.00000039
193,6.12201585,0.00000038
139,-0.18596202,0.00000051
155,-1.14615511,0.00000046
364,-1.1360066,0.00000043
156,1.16378676,0.00000049
157,-0.00469561,0.0000005
160,1.17926587,0.00000046
168,2.70452237,0.00000047
170,-1.73182456,0.0000004
171,-4.79412252,0.00000039
172,-2.68324534,0.00000039
187,-2.52584544,0.00000038
241,3.68142681,0.00000038
242,0.80198646,0.0000004
206,3.6567527,0.00000044
208,5.76875061,0.00000041
209,2.16419664,0.00000037
161,7.27942701,0.00000038
162,8.87788262,0.0000004
163,7.86952141,0.00000039
164,8.00020814,0.00000039
165,6.785476,0.00000038
166,8.76246269,0.00000038
167,-3.9899849,0.00000047
194,-5.53363866,0.00000044
195,1.80997598,0.00000039
173,6.0301668,0.00000039
174,7.17461504,0.00000039
175,7.32233903,0.00000038
176,6.69843399,0.00000038
177,7.82982814,0.00000038
178,7.53861694,0.00000037
182,-2.57675754,0.0000004
183,-2.00792243,0.0000004
184,-2.35372951,0.00000038
185,-1.56764649,0.00000039
186,-3.26488053,0.00000039
188,5.99587293,0.00000036
189,5.90800904,0.00000039
190,3.08799868,0.00000041
191,6.66291586,0.00000038
192,8.09838985,0.00000039
180,0.00376924,0.00000049
232,-2.06013634,0.00000042
311,-3.77286038,0.00000045
181,2.20684498,0.00000063
196,0.80704024,0.00000045
197,-5.06272778,0.00000042
198,-4.86326397,0.0000004
199,-4.40735334,0.0000004
200,-1.28421917,0.00000039
201,-2.30510843,0.00000038
202,-2.38209243,0.00000038
203,-2.31335146,0.00000039
204,-2.92841943,0.0000004
205,-3.53800122,0.0000004
210,8.2780219,0.00000037
224,5.33874661,0.00000038
225,7.36105277,0.00000038
226,10.43432485,0.00000038
227,12.13180917,0.00000039
228,6.7560169,0.00000038
211,6.33513388,0.00000038
231,5.97387386,0.00000038
252,8.84148679,0.00000037
281,6.82256678,0.00000042
309,-1.09522262,0.00000049
310,-0.89230762,0.00000046
212,-6.47550375,0.00000039
233,0.22823149,0.0000004
234,-1.61619397,0.0000004
235,-0.17523486,0.00000041
213,-5.50555188,0.00000042
214,-2.95476736,0.00000038
215,-3.00981843,0.00000038
262,-1.09621226,0.00000038
217,5.22064271,0.0000005
218,4.70019872,0.00000041
221,7.2787823,0.0000004
222,3.12768295,0.00000039
223,5.71857543,0.00000043
229,6.84585791,0.00000038
230,6.21786589,0.00000039
236,2.44379235,0.00000041
237,3.52711751,0.0000004
238,0.29314802,0.00000041
239,-0.1709249,0.00000039
240,-0.54329794,0.00000038
267,6.49258571,0.00000072
219,2.79953981,0.0000004
268,-2.3730515,0.00000041
269,1.37439974,0.00000036
220,1.61334607,0.00000043
270,3.64429478,0.00000037
272,0.48182927,0.00000034
273,1.03977328,0.00000034
245,3.29009828,0.00000035
246,7.54111858,0.00000037
247,7.34470776,0.00000037
248,8.40052063,0.00000038
249,5.32613557,0.00000037
250,6.81674501,0.00000037
251,4.40436489,0.00000037
253,-1.48000958,0.00000041
254,-1.56060372,0.00000042
255,-0.32931966,0.0000004
256,-0.45605474,0.00000039
257,-2.28041783,0.0000004
258,0.43295414,0.00000041
259,2.32778362,0.00000042
260,0.3157857,0.00000039
261,-0.00030564,0.00000038
286,-0.31803047,0.00000037
263,6.16756364,0.00000037
264,5.33748423,0.00000038
265,-1.20086569,0.00000038
266,2.05256578,0.00000038
290,-4.32301139,0.00000038
296,2.22006733,0.00000033
297,4.08006108,0.00000033
298,9.98519383,0.00000034
274,4.51353988,0.00000034
275,7.03082778,0.00000037
276,4.61741399,0.00000036
277,4.65836493,0.00000037
278,7.01546957,0.00000038
279,7.9641604,0.00000038
280,6.86786718,0.0000004
312,-0.59921768,0.00000038
365,-5.1358666,0.0000004
282,-1.11626492,0.00000038
283,-1.58945547,0.00000038
284,-1.17865074,0.00000038
285,-1.11491263,0.00000038
287,-0.02859621,0.00000036
288,0.86978496,0.00000036
475,1.12287123,0.00000033
289,1.16591876,0.00000038
323,3.21171578,0.00000034
291,0.80826606,0.00000036
292,1.93564171,0.00000036
271,-5.62334664,0.00000041
293,-0.72689478,0.00000035
294,1.92655829,0.00000034
295,2.7421623,0.00000034
299,3.97478279,0.00000036
300,8.71619141,0.00000036
301,7.16003054,0.00000035
302,7.77926345,0.00000034
303,7.28772758,0.00000035
304,6.55669482,0.00000036
305,5.38577601,0.00000036
306,7.37406135,0.00000037
307,8.37575327,0.00000038
308,9.56832231,0.00000041
313,-0.0575936,0.00000038
314,-1.47873503,0.00000039
315,1.32197691,0.00000041
316,-0.45009718,0.00000038
317,-0.74488125,0.00000038
318,-3.34875321,0.00000041
320,1.37871634,0.00000038
321,-1.66041464,0.00000038
322,-0.66945139,0.00000038
378,-1.95330361,0.00000037
379,-2.14507659,0.00000036
324,3.19177362,0.00000039
325,4.01319535,0.00000042
332,4.63007032,0.00000031
386,2.07437427,0.0000003
333,6.08475348,0.00000031
334,4.69711859,0.00000035
335,2.10852757,0.00000033
336,2.88090543,0.00000035
337,3.54185991,0.00000036
338,3.23597276,0.00000037
340,9.73979062,0.00000034
341,8.49242921,0.00000036
342,9.04727744,0.00000039
343,9.83715751,0.00000035
344,9.0395515,0.00000036
345,11.97049647,0.00000039
346,5.01632045,0.00000038
347,5.67818239,0.00000037
348,0.80749833,0.00000038
349,6.80710141,0.00000037
350,11.19571948,0.00000039
351,6.32709756,0.00000038
352,13.07687857,0.00000036
353,11.06400649,0.00000038
354,11.05637346,0.00000041
355,11.10704661,0.00000047
356,8.65531263,0.00000043
357,8.56472366,0.00000041
358,6.84465045,0.00000036
359,6.6521481,0.00000036
360,6.09841908,0.00000037
361,7.72495478,0.00000038
362,8.72038514,0.00000038
363,12.34801624,0.00000042
366,0.06104838,0.00000038
367,-0.3486905,0.0000004
368,-0.80019025,0.00000038
369,-1.20345017,0.00000038
370,-2.83337807,0.0000004
371,-0.04131009,0.0000004
372,-0.94354217,0.00000038
373,-0.87212725,0.00000038
374,-2.60042251,0.00000041
319,2.55811698,0.00000043
375,-1.51960069,0.00000038
376,-2.07086389,0.00000037
377,-1.89758755,0.0000004
426,4.05620675,0.00000029
531,-3.16729862,0.0000003
327,1.3139764,0.00000017
328,1.26919057,0.00000017
380,1.32419852,0.00000017
381,1.5312422,0.00000016
382,1.44422012,0.00000015
329,0.8942215,0.0000002
383,0.59192935,0.00000016
330,6.46163946,0.00000019
331,5.50169956,0.00000021
384,0.31211707,0.00000013
430,0.28839578,0.00000013
385,1.35456417,0.00000015
387,2.54820133,0.00000033
388,4.46167634,0.00000033
389,1.855441,0.0000003
390,0.94868939,0.00000031
391,4.59975551,0.00000032
392,4.74036861,0.00000033
393,6.55949674,0.00000032
394,5.34531589,0.00000033
395,5.91241263,0.00000034
396,2.49715434,0.00000032
339,0.82422124,0.00000039
397,4.80946435,0.00000034
398,4.42678379,0.00000034
399,9.2707871,0.00000036
400,9.1888044,0.00000035
401,8.00279371,0.00000034
402,3.3885365,0.00000035
403,5.24202125,0.00000036
404,2.85105724,0.00000038
405,8.42705836,0.00000037
406,13.16588251,0.00000038
407,3.20510064,0.00000038
408,7.95271458,0.00000038
409,12.78396212,0.00000037
410,11.23114629,0.00000036
464,-4.00846062,0.00000042
924,-19.79222762,0.00000048
465,-1.57785161,0.0000004
414,-1.79740548,0.00000039
415,-1.22305411,0.00000039
416,-1.0570743,0.00000038
417,-1.26649764,0.00000038
418,-0.26128522,0.0000004
419,-1.88525919,0.00000038
420,-2.22794099,0.00000038
421,-1.77636189,0.00000038
422,-2.05304264,0.00000037
423,-2.0277513,0.00000037
424,-2.32848558,0.00000037
425,-3.18912962,0.00000036
427,0.7622239,0.00000016
428,0.94974906,0.00000015
429,0.75138108,0.00000015
431,0.07196868,0.00000008
432,-0.08437945,0.00000008
433,-0.26151775,0.00000007
434,-2.70208509,0.00000014
435,2.57823469,0.00000023
481,-0.01421788,0.00000018
437,1.19601736,0.0000003
438,0.94759177,0.0000003
439,2.14372481,0.00000033
440,2.35934168,0.00000029
441,3.99683202,0.00000032
442,3.56463721,0.00000033
443,6.73515879,0.00000032
444,5.42901959,0.00000031
445,3.9032714,0.00000032
446,2.86027137,0.00000034
447,5.78541934,0.00000034
448,7.04210827,0.00000033
449,7.91416321,0.00000033
450,8.48440117,0.00000034
451,9.92771633,0.00000035
452,9.22713023,0.00000033
453,3.44796992,0.00000034
454,3.89516,0.00000035
455,-4.35629494,0.00000036
466,-1.95370377,0.00000045
467,-1.50702227,0.0000004
468,-1.85382501,0.00000039
469,-2.39700966,0.00000039
470,-1.21264879,0.00000039
471,1.54162138,0.00000038
472,-1.3484519,0.00000037
473,-0.98195546,0.00000037
474,0.69146432,0.00000037
529,-2.21420466,0.00000036
563,-1.44259128,0.0000003
926,-0.20881447,0.00000021
506,-0.55125587,0.00000011
476,0.16523485,0.00000013
477,0.2584698,0.00000008
478,0.15689889,0.00000006
480,-1.8037956,0.00000015
482,-0.62799026,0.0000002
483,11.28828709,0.00000024
484,6.79921518,0.00000025
485,8.85628438,0.00000026
486,5.55017947,0.00000025
436,0.23343247,0.00000057
487,7.07295306,0.00000029
488,-2.87667316,0.00000029
489,2.30197986,0.00000028
490,3.8711707,0.0000003
491,4.86008049,0.00000032
492,0.48703037,0.00000031
493,6.21269637,0.00000031
494,7.07982726,0.0000003
495,5.66756982,0.00000033
496,1.18291099,0.00000033
456,7.82230295,0.00000041
497,0.42043108,0.00000036
457,-3.30227458,0.00000043
498,1.94272712,0.00000036
458,-5.41022651,0.00000039
499,-4.61740482,0.00000037
459,-9.06836885,0.00000043
500,-5.87411184,0.00000038
501,-5.98485319,0.00000039
502,-3.50418511,0.0000004
503,8.87048207,0.00000042
505,-3.50489966,0.00000038
530,-1.86900812,0.0000003
559,-3.92575657,0.00000035
560,-1.54591419,0.00000031
507,-0.63257992,0.0000001
508,1.83819357,0.00000017
509,-1.36964058,0.0000002
510,4.00973629,0.00000022
511,5.00168528,0.00000025
512,3.41164847,0.00000026
513,3.88904567,0.00000029
514,-1.10709293,0.00000028
515,3.93255798,0.00000027
516,-0.81286287,0.00000029
542,1.55161463,0.00000027
517,-2.05394075,0.00000033
518,1.34608604,0.00000033
519,5.68869805,0.00000032
520,4.03726859,0.00000031
521,2.67719391,0.00000031
522,4.44239572,0.00000032
523,6.62824007,0.00000034
524,-2.13068279,0.00000034
525,1.1044399,0.00000036
526,-1.96787089,0.00000037
527,-3.20036072,0.00000038
528,-3.89714187,0.00000038
504,1.34086771,0.00000051
558,-3.63075562,0.00000039
589,-0.44031075,0.00000019
532,-1.53095293,0.00000017
564,-1.83173886,0.00000019
533,-1.71108574,0.00000018
534,-2.68859567,0.00000022
535,-0.90284469,0.00000025
536,0.04106231,0.00000027
537,-1.05403917,0.0000003
538,-3.9179259,0.00000027
539,-0.04752686,0.00000029
540,3.8016532,0.00000029
541,5.86144225,0.00000029
543,-1.2509507,0.00000032
575,6.52730038,0.00000029
544,1.65070698,0.00000033
545,4.53756309,0.00000033
546,4.44429529,0.00000032
547,3.76494859,0.00000031
548,2.92750935,0.00000031
549,1.92735762,0.00000031
550,2.00461547,0.00000032
551,2.33577232,0.00000033
552,4.3950857,0.00000034
553,3.78546046,0.00000034
554,2.45666694,0.00000035
555,2.98246579,0.00000037
556,-2.3787639,0.00000039
557,-4.82488921,0.00000037
561,-2.00344808,0.0000003
562,-2.96460087,0.0000003
565,-1.81710095,0.00000022
566,-1.23912196,0.00000022
567,-0.90823895,0.00000022
568,-1.83536193,0.0000002
569,-0.76813891,0.00000019
570,0.11733636,0.00000021
571,-1.86811467,0.00000025
572,0.40517734,0.00000024
573,11.14785535,0.00000025
574,16.51659473,0.00000029
602,0.89130243,0.00000032
603,4.6487874,0.00000029
576,2.80523215,0.00000032
577,4.82802912,0.00000033
578,4.66548297,0.00000032
579,5.80930494,0.00000033
580,2.79548858,0.00000033
581,3.25957659,0.00000032
582,6.90423739,0.00000033
583,3.99642837,0.00000033
584,2.0865014,0.00000033
585,-1.02753253,0.00000034
586,3.21867361,0.00000033
587,8.09467568,0.00000037
617,2.3910402,0.00000035
618,2.98183483,0.00000036
588,3.00251521,0.00000037
823,-0.26683154,0.00000027
590,-1.25411964,0.00000023
591,-1.41277203,0.00000021
592,0.14997205,0.00000024
593,1.31658305,0.00000024
594,-1.19961798,0.00000022
595,-0.85710815,0.00000021
596,0.46175336,0.00000022
597,-3.35612273,0.00000023
598,10.21753532,0.00000026
599,2.43287026,0.00000027
600,-0.19513515,0.00000029
601,0.75503716,0.00000027
604,5.00268133,0.00000029
605,5.97432208,0.00000031
606,7.13969911,0.00000031
607,7.47791387,0.00000035
608,3.53293202,0.00000034
609,6.67485429,0.00000032
610,7.85771538,0.00000033
611,8.33967722,0.00000034
612,4.41475332,0.00000034
613,5.7908566,0.00000035
614,6.55325062,0.00000035
615,8.37617914,0.00000038
616,7.47366145,0.00000037
653,9.76742175,0.00000038
654,9.27960667,0.00000038
655,11.201811,0.0000004
656,10.97864511,0.0000004
657,9.34169644,0.0000004
658,8.61924359,0.0000004
660,7.43980888,0.00000042
663,10.23182025,0.00000039
623,-0.6561469,0.00000019
715,-0.32123724,0.00000023
624,-1.95598973,0.00000024
625,-0.25858103,0.00000025
626,3.93001634,0.00000025
627,3.54953634,0.00000026
628,1.75941639,0.00000027
629,-0.85896284,0.00000029
630,2.85594816,0.00000031
631,7.62027015,0.00000031
632,4.10295619,0.00000031
633,2.83368936,0.00000029
634,3.10896841,0.00000033
635,6.68647339,0.00000031
636,6.06713338,0.00000031
637,7.34106544,0.00000031
638,7.86309627,0.00000032
639,7.93871618,0.0000003
640,6.56945415,0.00000031
729,6.73526909,0.00000031
641,7.67649622,0.00000032
642,7.62173421,0.00000034
643,6.607716,0.00000034
644,6.31013291,0.00000033
645,6.37273273,0.00000036
646,5.99858659,0.00000037
647,6.50921879,0.00000038
648,4.663085,0.00000036
649,5.30116747,0.00000038
650,2.06717866,0.00000041
651,6.68103119,0.00000041
652,6.87956363,0.0000004
619,7.37724814,0.00000039
620,13.44049247,0.00000045
664,9.32957317,0.0000004
665,10.25201023,0.00000041
666,10.78429022,0.00000041
667,9.12971512,0.0000004
668,8.81229314,0.0000004
669,9.40083753,0.00000041
670,9.60136881,0.00000042
671,8.45331993,0.00000041
672,8.56290189,0.00000041
673,5.19259691,0.00000042
674,6.754305,0.00000045
676,13.84980617,0.00000049
677,15.14227818,0.00000049
680,17.53102547,0.00000057
682,14.45219457,0.00000047
683,14.35095451,0.00000047
684,13.99469841,0.00000048
685,13.62024236,0.00000049
686,13.8939814,0.00000048
687,14.67507582,0.00000047
688,15.25208789,0.00000047
689,16.45331312,0.00000047
690,25.06006772,0.00000049
691,20.03686118,0.00000048
692,16.1770362,0.00000048
693,16.91801088,0.00000051
694,22.5512749,0.00000051
621,4.57779511,0.00000071
697,16.35578011,0.00000065
698,10.25921611,0.00000067
699,15.38997711,0.0000007
716,-0.90327238,0.00000026
717,-2.82414361,0.00000027
718,6.16798517,0.00000028
719,-1.19810192,0.00000029
720,-0.67934723,0.00000031
721,1.82318559,0.00000035
722,6.96380056,0.00000039
723,4.4852525,0.00000037
724,3.61733325,0.00000043
725,4.70834249,0.00000033
726,8.2602453,0.00000032
727,8.50426005,0.00000031
728,8.37941011,0.00000032
730,5.01926524,0.00000038
731,6.98014415,0.00000034
732,4.31374346,0.00000035
733,11.11314728,0.00000034
734,10.62426064,0.00000036
735,8.69669065,0.00000037
736,7.42070555,0.00000037
737,6.85994663,0.00000037
738,7.9977693,0.00000039
739,12.05329901,0.00000041
740,14.58462,0.00000043
741,7.55185986,0.00000043
742,9.39448063,0.00000042
743,9.01488879,0.00000041
744,9.24852275,0.00000042
745,12.69733661,0.00000041
746,10.88894538,0.00000043
747,7.05558606,0.00000041
748,12.74134138,0.00000042
749,9.76028689,0.0000004
750,9.64217099,0.0000004
751,9.87402414,0.0000004
752,10.09945245,0.00000039
753,9.97863622,0.00000039
754,9.81409037,0.00000039
755,9.03529244,0.00000039
756,14.02573255,0.0000004
757,10.05198963,0.0000004
758,9.24526983,0.00000041
759,10.98951291,0.0000004
760,11.48592626,0.0000004
761,10.62570155,0.00000039
659,10.26564567,0.00000042
762,8.31662858,0.00000042
763,11.20308159,0.00000042
764,11.3026975,0.00000042
661,10.16367933,0.00000041
765,11.40030539,0.00000041
662,9.29463221,0.0000004
766,9.71687319,0.0000004
767,8.55939006,0.0000004
768,10.4571228,0.00000039
769,10.27908703,0.00000039
770,13.20543648,0.00000042
771,9.5802871,0.00000041
772,9.16432608,0.0000004
773,9.69256495,0.00000041
774,9.2961547,0.0000004
775,10.18834753,0.00000041
776,8.85761581,0.0000004
777,7.29953571,0.0000004
778,1.30026905,0.00000044
675,7.35412299,0.00000046
779,0.34613988,0.00000046
780,8.93699117,0.00000055
678,15.81362926,0.00000054
782,16.82408914,0.00000056
679,12.69073564,0.00000058
783,12.35402893,0.00000054
785,19.1836557,0.00000047
786,18.68628667,0.00000048
787,16.57451474,0.00000046
788,17.58699904,0.00000046
789,16.84423118,0.00000049
790,16.58424097,0.00000049
791,14.61577193,0.00000048
792,15.66817508,0.00000047
793,21.36459136,0.00000049
794,20.26692913,0.00000048
795,17.68393016,0.00000048
798,8.603435,0.0000005
799,15.26267598,0.00000053
800,18.72976094,0.00000059
801,23.27948099,0.00000057
803,19.36399111,0.00000061
804,15.05765411,0.00000064
805,15.57222611,0.00000069
700,15.22936411,0.00000076
701,23.96034911,0.00000087
702,11.86519911,0.00000092
703,-3.75462789,0.00000098
710,13.58676557,0.00000087
711,3.82045159,0.00000098
814,11.94395857,0.00000097
816,13.14095311,0.0000008
817,9.41632078,0.00000086
818,29.51157266,0.00000091
712,9.3453606,0.00000102
713,19.4751466,0.00000106
822,13.42783861,0.00000104
714,14.4819636,0.00000107
824,1.91827704,0.00000031
825,-0.15647374,0.00000034
826,5.43379806,0.00000031
827,-7.11712892,0.00000031
828,-8.67702855,0.00000034
829,5.20503675,0.00000033
830,6.07364913,0.00000032
831,8.61371003,0.00000031
832,6.3106652,0.00000032
833,8.20697049,0.00000034
834,5.94573189,0.00000033
835,10.83471873,0.00000037
836,9.19387818,0.00000037
837,9.0255323,0.00000038
838,13.68403541,0.00000039
839,10.70599551,0.0000004
840,11.3869136,0.00000038
841,11.22597862,0.00000038
842,9.16328072,0.00000038
843,8.48205086,0.00000038
844,9.88479704,0.00000041
845,11.76290301,0.00000044
846,14.82626499,0.00000048
847,12.43418596,0.00000046
848,9.14125701,0.00000044
849,8.72343686,0.00000044
850,8.67346185,0.00000044
851,12.25312235,0.00000043
852,7.41188972,0.00000041
853,9.57697871,0.0000004
854,9.47516627,0.0000004
855,9.83844434,0.0000004
856,9.83792361,0.00000039
857,9.70091036,0.00000039
858,9.10070838,0.00000039
859,9.64711045,0.0000004
860,12.0215555,0.00000041
861,11.48079371,0.00000042
862,10.67076066,0.00000041
863,10.18944449,0.00000042
864,8.96388555,0.00000042
865,10.11490961,0.00000041
866,9.91828165,0.00000041
867,9.53588589,0.00000039
868,9.60597194,0.00000039
869,6.47318057,0.00000042
870,6.9511975,0.00000041
871,8.30275204,0.0000004
872,8.32964937,0.0000004
873,8.60829553,0.0000004
874,8.26259823,0.0000004
875,8.20633306,0.0000004
876,9.25929318,0.00000041
784,18.75851599,0.0000005
878,9.36491399,0.00000069
879,17.59761757,0.00000045
880,16.91885459,0.00000048
881,15.99775956,0.00000049
882,16.41786201,0.00000046
883,15.39205102,0.00000045
884,9.42825708,0.00000047
885,8.701368,0.00000051
886,10.62441911,0.00000052
887,10.71551211,0.00000062
813,17.01747057,0.0000011
815,14.06298311,0.00000088
819,19.38133765,0.00000097
820,6.07241364,0.00000102
821,11.46555562,0.00000105
989,-0.72987449,0.00000025
888,-0.93958122,0.00000033
889,0.82304294,0.00000033
890,-1.88879296,0.00000032
891,-0.38944988,0.00000032
892,8.09737374,0.00000032
893,4.79858779,0.00000035
894,4.41155832,0.00000036
895,5.88027126,0.00000035
896,5.36336919,0.00000033
897,4.96375534,0.00000032
898,6.59627672,0.00000032
899,8.81547599,0.00000035
900,9.36853923,0.00000035
901,10.73039947,0.00000037
902,11.14644953,0.00000037
903,11.06458659,0.00000038
904,8.13779287,0.00000038
905,6.04196002,0.00000038
909,10.01118843,0.00000038
910,7.94054613,0.00000035
911,8.15963101,0.00000036
912,7.78351095,0.00000035
913,5.98301077,0.00000035
914,5.78386586,0.00000036
915,7.24359695,0.00000036
916,8.6840364,0.00000035
917,8.61073947,0.00000038
918,6.42341359,0.00000046
921,2.75712643,0.00000039
959,11.88912599,0.00000038
960,12.62809065,0.00000041
877,10.72508699,0.00000074
961,14.0929456,0.00000042
962,12.30288291,0.00000045
963,12.71017995,0.00000045
964,13.63385998,0.00000045
965,14.39745298,0.00000045
966,16.26778724,0.00000046
967,16.45492529,0.00000046
968,17.3486114,0.00000047
969,21.08600418,0.00000047
970,18.77866604,0.00000059
971,13.67507101,0.00000053
972,12.95653093,0.0000005
973,13.42295072,0.0000005
974,14.40787185,0.0000005
975,13.83531083,0.0000005
976,14.49252854,0.00000053
977,18.14005532,0.00000062
986,13.20701811,0.00000076
927,-1.69244021,0.00000032
990,-5.12712721,0.00000031
928,0.23487027,0.00000032
929,7.42466228,0.00000032
930,8.58613307,0.00000032
931,12.60421045,0.00000035
932,6.54989692,0.00000033
933,3.37410577,0.00000033
934,2.41241664,0.00000033
935,6.99250733,0.00000033
936,6.91076006,0.00000034
937,6.54772597,0.00000033
939,3.65905783,0.00000042
940,6.873157,0.00000038
906,3.81049102,0.00000062
941,6.24177204,0.00000038
908,11.98882152,0.0000004
943,7.92826271,0.00000038
944,8.55985853,0.00000036
945,8.46738449,0.00000035
946,6.77438386,0.00000035
947,7.45871098,0.00000035
948,7.17426905,0.00000034
949,5.74170241,0.00000035
950,5.76005019,0.00000036
951,5.54153261,0.00000036
952,5.52412351,0.00000049
919,6.65746259,0.00000061
922,3.08232975,0.00000045
956,3.73066624,0.00000041
957,1.84659527,0.00000043
958,2.68223713,0.00000044
923,5.27565994,0.00000056
925,-19.27406162,0.00000057
991,-0.14895198,0.00000032
992,2.93967087,0.00000035
993,4.03658163,0.00000033
994,3.77541931,0.00000034
995,4.54460006,0.00000034
996,3.0638227,0.00000034
997,2.27461758,0.00000035
998,2.95719331,0.00000035
999,1.61654223,0.00000038
1002,5.20361325,0.00000036
942,4.86614003,0.00000041
1003,4.82662939,0.00000036
1004,3.20190903,0.00000034
1005,4.09172302,0.00000034
1006,11.38253378,0.00000037
954,3.92708078,0.00000045
955,3.29366178,0.00000043
1009,7.40603455,0.00000045
1010,5.71621093,0.0000004
1011,4.79528032,0.00000041
1012,10.10976332,0.00000041
1021,8.57630911,0.0000004
1022,8.47775496,0.00000042
1023,6.11757728,0.0000004
1024,9.45442994,0.00000039
1025,9.69712289,0.00000039
1026,10.33734831,0.0000004
1027,9.60735059,0.00000041
1028,9.98367433,0.00000041
1029,11.62635229,0.0000004
1030,13.45989931,0.00000041
1031,14.21696657,0.00000041
1032,12.43692257,0.0000004
1033,11.72391354,0.0000004
1034,8.89173739,0.00000044
1035,12.9903077,0.00000043
1036,12.30410269,0.00000043
1037,12.96800118,0.00000044
1038,12.20741187,0.00000042
1039,13.98969895,0.00000042
1040,13.66749614,0.00000042
1041,7.46665095,0.00000048
1042,9.53235798,0.00000046
1043,11.34330404,0.00000046
1044,13.73468022,0.00000046
1045,16.11391752,0.00000045
1046,18.2376863,0.00000047
1047,20.50748625,0.00000049
1048,26.59800101,0.0000005
1049,12.91119095,0.00000051
1050,12.48435485,0.00000051
1051,15.4469398,0.00000054
1052,14.99920893,0.00000055
1054,13.76993346,0.00000055
1056,15.00530232,0.00000078
980,4.82438047,0.00000105
981,8.58893347,0.00000101
1064,7.04649747,0.00000104
982,9.22384547,0.00000091
1065,11.16566447,0.00000104
983,8.7495126,0.00000089
1069,9.55603454,0.0000009
1070,10.03211,0.00000089
984,10.07269967,0.00000087
1071,5.74815528,0.00000088
985,11.42335377,0.00000086
1072,9.82631459,0.00000087
1073,10.33183868,0.00000087
1074,15.12605633,0.00000084
1369,-1.58920201,0.0000003
1486,-2.35256828,0.00000031
1961,-1.99586353,0.00000031
1087,-4.24162502,0.00000035
1088,0.88759601,0.00000032
1089,1.65169434,0.00000033
1090,-0.42187473,0.00000035
1092,3.23112181,0.00000035
1184,4.01476576,0.00000036
1185,5.87650784,0.00000036
1093,8.17573559,0.00000036
1186,6.56209175,0.00000036
1094,7.8295229,0.00000037
1007,8.3291899,0.00000062
1096,5.98448708,0.00000042
1097,6.85573189,0.00000043
1098,11.4632837,0.00000042
1099,8.38252934,0.00000041
1100,7.00706152,0.00000041
1101,11.8300454,0.00000044
1013,8.02803627,0.00000042
1104,10.41301635,0.00000043
1014,6.78487036,0.00000041
1105,3.80383798,0.00000046
1106,4.97383706,0.00000041
1015,9.10836452,0.0000004
1107,6.57326554,0.00000041
1016,8.72410153,0.00000039
1108,8.33221251,0.0000004
1109,8.2263796,0.00000039
1017,8.54072651,0.0000004
1110,8.30784449,0.00000039
1018,7.30374452,0.00000041
1111,8.39250048,0.0000004
1019,13.10283866,0.00000043
1112,9.20972353,0.00000041
1020,9.42990319,0.00000041
1113,9.28778532,0.0000004
1114,8.6054962,0.0000004
1115,6.15666065,0.0000004
1116,5.25257544,0.0000004
1117,9.86081084,0.00000039
1118,10.20561267,0.00000039
1119,10.42509428,0.00000039
1120,10.24624,0.0000004
1121,10.84610258,0.00000041
1122,9.99610637,0.00000041
1123,11.41325232,0.0000004
1124,14.58694237,0.00000041
1125,14.92495848,0.00000041
1126,12.6804595,0.0000004
1127,11.55096944,0.0000004
1128,8.70552938,0.00000044
1129,8.68947839,0.00000046
1130,12.07584266,0.00000044
1131,11.59427879,0.00000043
1132,12.09438098,0.00000043
1133,11.23848296,0.00000045
1134,13.78683702,0.00000042
1135,13.39918908,0.00000042
1136,14.4069591,0.00000043
1137,15.30141906,0.00000044
1138,13.53496201,0.00000044
1139,11.45718593,0.00000045
1140,11.62481397,0.00000046
1141,15.72253318,0.00000046
1053,13.66995811,0.00000057
1142,10.59284166,0.00000058
1055,11.64182558,0.0000006
1143,12.11789865,0.00000062
1057,11.05927865,0.00000079
1063,9.33953047,0.00000127
1146,9.40213347,0.00000119
1147,9.79543447,0.00000112
1066,4.79822118,0.00000099
1067,7.50512119,0.00000095
1149,8.23232517,0.00000097
1068,8.58558343,0.00000091
1150,9.38838214,0.00000096
1151,9.98256802,0.00000094
1152,10.42261725,0.00000092
1153,9.88904726,0.00000089
1154,13.95481186,0.00000086
1075,13.48405911,0.00000087
1155,13.86568206,0.00000086
1076,13.74381909,0.0000009
1156,14.05316707,0.00000088
1086,0.52961898,0.0000006
1170,0.39244476,0.00000035
1171,-0.06401948,0.00000037
1172,3.61701932,0.00000037
1173,1.69125425,0.00000034
1174,2.34413536,0.00000036
1175,-1.31737005,0.00000037
1176,-0.60733883,0.00000035
1177,-0.70092166,0.00000036
1178,1.93227366,0.00000034
1179,2.64980941,0.00000033
1180,2.31048929,0.00000036
1091,-3.12761489,0.00000039
1181,2.29516123,0.00000036
1182,4.82064219,0.00000036
1183,3.71066408,0.00000037
1187,5.72917268,0.00000037
1188,1.97145854,0.00000039
1189,2.93982042,0.00000039
1190,7.65999727,0.00000037
1095,8.58265898,0.00000041
1191,9.00673004,0.00000042
1192,9.50281897,0.00000049
1194,7.88971087,0.0000004
1102,13.46696139,0.00000047
1103,14.98119639,0.00000052
1196,8.20327239,0.00000044
1197,6.89705039,0.00000041
1198,5.80331834,0.00000041
1199,7.17463325,0.0000004
1200,8.39823314,0.00000039
1201,10.76843335,0.00000039
1202,7.08336988,0.00000038
1203,10.28287919,0.00000039
1204,11.46491708,0.00000039
1205,10.63349231,0.00000038
1206,10.12660012,0.0000004
1207,9.40471607,0.00000043
1208,10.58517104,0.00000044
1210,11.7524285,0.00000059
1211,12.74753455,0.00000063
1212,9.51766158,0.00000066
1144,10.44150781,0.00000069
1213,8.70621523,0.00000073
1148,3.06669717,0.00000107
1215,17.09195394,0.00000091
1216,17.64767298,0.00000089
1226,-3.28277756,0.00000032
1227,-2.23751674,0.00000035
1228,2.72055845,0.00000036
1229,-0.32200759,0.00000036
1230,-1.27069567,0.00000035
1231,-0.3909927,0.00000035
1232,1.23133122,0.00000034
1233,-0.08038588,0.00000034
1234,0.61031906,0.00000034
1235,-0.77505926,0.00000036
1236,2.23178817,0.00000034
1237,2.73397622,0.00000035
1238,5.6467002,0.00000036
1239,5.4487153,0.00000037
1240,3.72232225,0.00000039
1241,3.73635731,0.0000004
1242,6.25565842,0.00000037
1243,5.75072756,0.0000004
1244,6.77214347,0.00000041
1245,8.01843523,0.00000039
1246,1.2461106,0.00000041
1247,6.82898575,0.00000039
1248,6.37737876,0.00000038
1249,6.35500373,0.00000038
1250,5.4362677,0.00000038
1251,1.94078962,0.00000038
1252,2.69719838,0.00000038
1253,7.65379508,0.00000039
1254,6.51140571,0.00000039
1255,2.60975032,0.00000042
1256,-0.24660677,0.00000042
1257,6.41841117,0.00000041
1258,7.77604614,0.00000039
1260,6.91917203,0.00000038
1193,10.44069094,0.00000051
1261,6.5316447,0.00000038
1262,9.0894804,0.00000038
1263,8.27563356,0.00000038
1264,9.25005526,0.00000038
1265,7.65359822,0.00000039
1266,8.48045321,0.00000039
1267,5.72890618,0.00000039
1268,9.12309516,0.00000039
1269,9.50540614,0.0000004
1270,8.32978033,0.00000041
1271,6.35554532,0.00000043
1272,7.56153448,0.00000042
1273,11.6450151,0.00000041
1209,10.77258121,0.00000051
1280,-2.73704963,0.00000033
1370,-0.96182189,0.00000032
1371,-0.19594377,0.00000033
1372,-1.94969559,0.00000034
1281,1.20538323,0.00000038
1282,-0.77412876,0.00000034
1283,1.88561417,0.00000035
1284,1.97724118,0.00000035
1285,7.96887287,0.00000039
1286,8.0997976,0.00000043
1292,9.76054106,0.00000037
1396,1.18385334,0.00000039
1259,4.93673109,0.00000043
1293,8.29902214,0.0000004
1297,7.52127105,0.00000039
1298,6.96114635,0.00000038
1299,7.72743418,0.0000004
1300,7.92992191,0.00000039
1301,5.07976724,0.00000038
1302,8.04256953,0.00000038
1303,6.70421291,0.00000038
1304,8.44552012,0.00000038
1305,9.06807836,0.00000038
1306,8.32614544,0.00000038
1307,9.89368093,0.00000039
1308,10.08944522,0.0000004
1309,10.4050664,0.00000039
1310,10.63235383,0.00000039
1311,10.8791001,0.00000042
1313,3.28371092,0.00000048
1314,11.4954254,0.00000047
1315,7.79759822,0.00000046
1316,7.82429318,0.00000046
1317,13.13821106,0.00000048
1274,13.754187,0.0000005
1319,6.8333889,0.00000047
1322,11.19027264,0.00000043
1323,9.80187876,0.00000043
1324,9.25752482,0.00000043
1275,10.4382064,0.0000006
1325,17.8779757,0.00000056
1276,5.88626455,0.00000088
1327,7.66231455,0.00000084
1328,9.92147955,0.00000079
1331,9.95858055,0.00000098
1373,-1.59450358,0.00000034
1375,-1.3979463,0.00000042
1376,-2.55661726,0.00000042
1377,0.10337304,0.00000043
1380,0.76000445,0.0000004
1381,3.55092493,0.00000039
1382,1.99483906,0.00000038
1383,0.06633553,0.00000041
1397,9.49214922,0.00000037
1398,0.68430831,0.00000039
1401,6.78229965,0.00000039
1402,6.33991083,0.00000038
1403,6.96240102,0.00000039
1404,8.70539491,0.00000039
1405,8.75468854,0.00000038
1406,8.05648244,0.00000039
1407,7.98644749,0.00000039
1408,3.22562221,0.00000041
1409,2.89653139,0.00000042
1410,0.98409544,0.00000042
1412,10.46884128,0.0000004
1413,8.1682965,0.00000039
1414,6.9904917,0.0000004
1415,9.06942589,0.00000038
1416,9.0164911,0.00000038
1417,9.72770416,0.00000038
1418,10.03651896,0.00000039
1419,9.74338794,0.00000039
1420,13.17532765,0.0000004
1421,11.6525529,0.00000041
1422,12.01064749,0.00000042
1423,7.88902072,0.00000044
1312,1.57870894,0.00000069
1425,4.08100394,0.0000005
1426,-1.91259903,0.00000062
1428,11.72896725,0.00000051
1429,7.99126506,0.00000046
1430,7.01174709,0.00000047
1431,8.23969134,0.00000047
1318,12.09286404,0.00000049
1432,7.60424069,0.00000048
1433,8.35632987,0.00000047
1320,10.15296686,0.00000051
1434,8.89092787,0.00000047
1321,9.15914385,0.00000053
1435,10.49102885,0.00000051
1436,9.61214285,0.00000053
1437,8.44808848,0.00000043
1438,8.32839144,0.00000044
1439,3.3116278,0.00000044
1440,10.12215681,0.00000043
1441,10.44810083,0.00000045
1442,9.12830281,0.00000047
1326,16.37164964,0.00000057
1446,11.37289383,0.0000006
1447,10.10239236,0.00000061
1448,8.74938757,0.00000054
1329,10.57811655,0.00000075
1449,11.44968755,0.00000054
1332,13.08885195,0.0000006
1450,9.60193932,0.00000053
1333,11.91838732,0.00000074
1334,8.19891334,0.0000006
1451,9.45756434,0.00000055
1335,10.88964334,0.00000064
1452,10.09198734,0.0000006
1336,8.5409266,0.00000083
1337,9.53543782,0.00000083
1453,9.80978652,0.0000008
1454,9.85272217,0.00000081
1339,14.25086717,0.00000095
1455,14.07896017,0.00000087
1487,-2.2975502,0.00000034
1488,-0.94019298,0.00000032
1489,-1.37871092,0.00000031
1490,-1.9741248,0.00000034
1491,-2.23446961,0.00000034
1492,-1.71381456,0.00000034
1374,-0.70514759,0.00000045
1493,-1.60823853,0.00000036
1494,-0.44450655,0.00000043
1496,-0.26973703,0.00000049
1497,-2.84796317,0.00000047
1498,-4.46119617,0.00000046
1499,-2.23375356,0.00000051
1500,-0.05432298,0.00000039
1501,-1.43771718,0.0000004
1502,-2.12626922,0.00000041
1388,9.35936096,0.00000067
1389,8.62682396,0.00000058
1390,8.03560681,0.00000058
1505,10.57097643,0.00000048
1393,5.95003273,0.00000046
1394,5.06883703,0.00000044
1506,6.2491343,0.00000045
1395,3.06630233,0.0000004
1507,3.7241982,0.00000044
1508,0.25731205,0.00000042
1509,2.03455167,0.0000004
1510,1.98310657,0.00000041
1511,4.65910111,0.0000004
1512,5.07454117,0.00000039
1513,5.67701722,0.00000038
1514,6.38858746,0.00000039
1515,8.85366482,0.00000039
1516,7.82659694,0.00000038
1517,8.54070591,0.00000038
1518,11.29498512,0.00000038
1399,7.08366214,0.00000041
1519,8.55714516,0.00000038
1400,11.47087098,0.00000039
1520,8.78477611,0.00000038
1521,7.21938216,0.0000004
1522,6.28554918,0.00000039
1523,7.2967181,0.0000004
1524,8.34047397,0.0000004
1525,9.32780856,0.00000038
1526,9.38535819,0.0000004
1527,8.72387721,0.00000041
1528,8.12779857,0.0000004
1529,6.25248696,0.00000039
1530,6.08407694,0.00000038
1531,7.61373294,0.00000039
1532,8.6028673,0.00000039
1533,8.63246939,0.0000004
1534,8.74003442,0.00000039
1535,9.7984604,0.0000004
1536,1.70890641,0.00000041
1537,0.05916047,0.00000043
1538,8.69719647,0.00000037
1539,8.89673324,0.00000037
1540,8.83544623,0.00000038
1541,9.95357054,0.00000039
1542,12.08012895,0.0000004
1543,11.24840416,0.0000004
1544,9.20428123,0.00000042
1424,7.45151994,0.00000052
1545,5.73319095,0.00000044
1427,2.46198697,0.00000076
1547,-5.86261799,0.00000063
1548,-1.42236698,0.00000061
1549,6.17688073,0.00000047
1550,4.28510187,0.00000052
1551,10.63419384,0.0000005
1552,7.94929272,0.00000043
1553,8.08676116,0.00000043
1554,5.52844496,0.00000045
1555,8.54264187,0.00000044
1443,8.12348681,0.00000065
1556,7.84140273,0.00000047
1557,4.60102667,0.00000054
1558,7.21683636,0.00000052
1559,7.77381434,0.00000052
1560,6.94839434,0.00000075
1561,7.93106525,0.00000079
1562,8.16792494,0.0000008
1566,-2.1425983,0.00000033
1567,-3.50484828,0.00000033
1568,-3.1647269,0.00000033
1569,-4.32111299,0.00000034
1570,-3.36599143,0.00000034
1571,-2.77553334,0.00000039
1576,-0.49770719,0.00000043
1577,0.57422786,0.0000004
1503,-6.53405502,0.00000044
1578,-5.25928114,0.00000042
1579,-5.83381691,0.00000042
1580,-4.311695,0.00000043
1581,-4.37775278,0.00000043
1583,-1.6369425,0.00000047
1584,-2.30193162,0.00000045
1585,3.31485824,0.00000045
1586,0.15019217,0.00000044
1587,4.32772714,0.00000039
1588,4.56658917,0.00000038
1589,5.23994718,0.00000038
1590,8.15053503,0.00000038
1591,7.50798822,0.00000038
1592,6.61834166,0.00000038
1593,10.32757678,0.00000039
1594,7.04498484,0.00000039
1595,6.18118986,0.00000038
1596,7.12240693,0.00000038
1597,6.42875865,0.00000038
1598,7.03290333,0.00000038
1599,8.07981122,0.00000038
1600,8.30509228,0.00000038
1601,9.71958327,0.00000039
1602,9.24259792,0.0000004
1603,9.1649208,0.00000039
1604,5.73714695,0.00000041
1605,5.82394504,0.00000041
1606,8.27499912,0.0000004
1607,8.94980623,0.0000004
1608,7.88282432,0.00000039
1609,-1.89418777,0.0000004
1610,7.92811381,0.00000038
1611,8.06325632,0.00000038
1612,7.92650737,0.00000038
1613,8.86069229,0.00000037
1614,8.69641544,0.00000038
1615,8.34828217,0.00000038
1616,7.7816035,0.00000038
1617,8.30494043,0.00000038
1618,8.22987112,0.00000038
1619,8.62133315,0.00000039
1620,8.59645476,0.00000039
1621,7.77301972,0.0000004
1546,-8.30199399,0.00000068
1622,-9.20757599,0.00000066
1623,8.12893334,0.00000042
1680,9.99832744,0.00000041
1624,-3.19398023,0.00000032
1625,1.51684634,0.00000035
1626,-1.06691859,0.00000033
1627,-5.71156985,0.00000035
1572,-1.86875934,0.00000052
1573,-2.82582234,0.00000067
1628,-0.81028196,0.00000043
1629,0.1521551,0.00000043
1630,1.97557043,0.00000042
1631,-0.94295182,0.00000041
1632,-4.91195269,0.00000043
1633,-3.30736157,0.00000042
1634,-3.24241459,0.00000043
1635,-3.2448196,0.00000047
1637,-0.63159455,0.00000045
1638,-0.59508271,0.00000044
1639,-0.36297058,0.00000044
1641,5.13803018,0.00000049
1643,4.66796613,0.00000038
1644,3.79426511,0.0000004
1645,6.14032913,0.00000039
1646,5.7904112,0.00000039
1647,4.06295941,0.00000038
1648,8.14233866,0.00000038
1649,8.33800914,0.00000038
1650,4.81492195,0.00000038
1651,5.92363386,0.00000038
1652,6.41997417,0.00000038
1653,5.73622893,0.00000039
1654,9.11803352,0.0000004
1655,7.70388553,0.00000038
1656,5.78473395,0.00000041
1657,7.60739112,0.00000042
1658,4.91169018,0.00000041
1659,7.1168331,0.00000042
1660,6.38159357,0.00000041
1661,7.06932939,0.0000004
1662,-3.85017209,0.00000041
1663,7.71794462,0.00000038
1664,8.07578649,0.00000038
1665,7.81756343,0.00000038
1666,6.81004744,0.00000038
1667,9.20602857,0.00000039
1668,8.36832008,0.00000038
1669,8.12961699,0.00000037
1670,7.83458596,0.00000038
1671,8.83889183,0.00000038
1672,8.07018372,0.00000038
1673,7.86767079,0.00000038
1674,9.13147871,0.00000038
1675,7.7352667,0.00000039
1676,7.44384067,0.00000039
1681,10.48340928,0.00000044
1683,6.2543705,0.00000045
1684,9.74754745,0.00000044
1685,11.78655453,0.00000045
1686,9.69873561,0.00000046
1687,10.13707595,0.00000044
1688,9.46479946,0.00000044
1689,9.92928049,0.00000046
1690,10.64648521,0.00000046
1691,8.75571823,0.00000046
1692,8.24187423,0.00000046
1693,6.56194542,0.00000047
1694,12.74941542,0.00000049
1695,8.16146942,0.00000051
1706,-3.03179579,0.00000032
1800,-0.86374166,0.00000033
1707,-3.37145165,0.00000033
1708,-3.54613153,0.00000033
1709,-3.21621961,0.00000035
1710,-7.19442331,0.00000035
1711,-8.19868947,0.00000037
1712,-5.62837458,0.00000036
1713,-3.90097065,0.00000041
1715,-2.32749093,0.00000052
1716,-2.24247891,0.00000047
1717,-1.15553112,0.00000045
1718,-1.17025036,0.00000042
1719,-0.94366747,0.00000043
1720,-0.94562439,0.00000044
1721,2.88773013,0.0000004
1722,3.47815511,0.00000038
1723,7.88634502,0.00000039
1724,3.864477,0.0000004
1725,5.27414283,0.00000038
1726,7.81244658,0.00000037
1727,6.26489109,0.00000038
1728,5.68530995,0.00000053
1729,6.65856523,0.00000045
1730,-1.13604262,0.00000045
1731,5.30575777,0.00000042
1732,6.2658168,0.00000041
1733,6.08911901,0.00000041
1734,5.98418719,0.00000042
1735,4.7429306,0.00000041
1736,5.83465862,0.00000039
1737,5.05481851,0.00000039
1738,6.72188846,0.00000038
1739,7.55714143,0.00000038
1740,8.3221437,0.00000038
1741,7.04464787,0.00000039
1742,6.29334589,0.00000038
1743,7.284055,0.00000039
1744,8.14745028,0.00000038
1745,6.39854067,0.00000039
1677,6.90268952,0.00000041
1746,7.07046543,0.00000039
1747,7.22837442,0.00000039
1678,5.83159254,0.00000043
1748,5.35626634,0.00000041
1679,3.00598477,0.00000042
1749,7.35479593,0.00000041
1750,7.03502792,0.00000042
1751,7.5685089,0.00000043
1753,11.64994466,0.00000044
1754,7.57214098,0.00000042
1755,7.20269799,0.00000043
1757,8.41996435,0.00000046
1758,7.71197532,0.00000042
1759,7.38550536,0.00000042
1760,9.3489074,0.00000042
1761,8.10530645,0.00000043
1682,9.58556985,0.00000045
1762,5.62229648,0.00000044
1763,6.72455949,0.00000044
1764,9.27656046,0.00000044
1765,10.97636265,0.00000045
1767,10.27409018,0.00000045
1768,8.94642524,0.00000045
1769,7.21792903,0.00000046
1770,11.02999714,0.00000046
1771,9.48199122,0.00000046
1772,9.1181282,0.00000047
1773,9.6663376,0.00000047
1774,7.23934451,0.00000047
1696,3.80352643,0.00000057
1776,6.41090546,0.00000055
1697,0.51330343,0.00000068
1777,5.39892845,0.00000058
1698,5.16836143,0.00000078
1801,-1.10376252,0.00000034
1802,-1.34718056,0.00000035
1803,-2.68994083,0.00000033
1804,-3.17213904,0.00000033
1805,-3.34987229,0.00000033
1806,-3.34099141,0.00000034
1807,-4.96170538,0.00000035
1808,-5.70215742,0.00000035
1809,-4.45073557,0.00000037
1810,-6.0418466,0.00000038
1714,0.84453235,0.00000066
1815,-1.28852439,0.0000005
1816,1.4397026,0.00000046
1817,2.7423676,0.00000049
1818,-0.58947665,0.00000044
1819,-2.28847979,0.00000042
1820,-3.35762679,0.00000042
1821,-1.01882287,0.00000042
1822,-0.60383188,0.00000043
1823,-0.59605088,0.00000048
1826,8.14844906,0.00000041
1827,7.25623707,0.0000004
1828,4.23999115,0.00000039
1829,4.93793854,0.00000039
1830,6.34717857,0.00000039
1831,7.54438535,0.00000039
1832,6.43829736,0.00000038
1833,5.86423442,0.00000038
1834,6.3197604,0.00000038
1835,6.59580024,0.00000039
1837,7.34913727,0.00000048
1838,8.57580499,0.0000005
1839,4.23943494,0.00000045
1840,5.6732166,0.0000005
1842,5.68636078,0.00000045
1843,4.80564769,0.00000044
1844,6.31764768,0.0000004
1845,5.77257064,0.00000039
1846,6.09607239,0.00000038
1847,7.03404054,0.00000038
1848,8.21873926,0.00000038
1849,7.65750304,0.00000038
1850,7.78162491,0.00000038
1851,7.42966591,0.00000039
1852,7.66940792,0.00000038
1853,7.87026758,0.00000038
1854,7.74809141,0.00000039
1855,6.40865713,0.0000004
1856,7.13610312,0.00000039
1857,7.23293466,0.00000039
1858,8.14729974,0.00000041
1859,8.48142486,0.00000042
1860,7.64445294,0.00000042
1861,8.0110629,0.00000042
1862,7.67170996,0.00000049
1752,7.36694197,0.00000051
1863,11.130561,0.00000048
1864,7.64492131,0.00000042
1865,7.27564867,0.00000043
1756,9.93960939,0.00000048
1866,9.0692574,0.00000048
1867,7.96472736,0.00000047
1868,7.49561827,0.00000043
1869,7.6168743,0.00000042
1870,7.62307638,0.00000042
1871,4.12700636,0.00000044
1872,6.77635813,0.00000046
1873,6.01860277,0.00000044
1874,7.89147723,0.00000044
1875,11.0328749,0.00000045
1766,9.33696829,0.00000066
1876,10.05635929,0.00000046
1877,10.9283632,0.00000045
1878,8.79490117,0.00000045
1879,6.60621201,0.00000045
1880,10.05999452,0.00000046
1881,5.16628651,0.0000005
1882,4.86298448,0.00000053
1775,2.74609647,0.00000058
1883,7.31201447,0.00000055
1884,5.44082646,0.00000057
1907,0.6082848,0.00000033
1908,0.10051163,0.00000034
1909,0.3608405,0.00000036
1910,-3.01675435,0.00000035
1911,-4.87567821,0.00000035
1912,-5.78266323,0.00000035
1913,-5.21751935,0.00000036
1914,-3.24576734,0.00000035
1915,-3.20064147,0.00000035
1916,-3.36156162,0.00000036
1811,-4.15690662,0.00000047
1917,4.79537846,0.00000039
1812,-1.51535771,0.00000045
1813,-0.19693492,0.00000044
1918,5.03603672,0.00000042
1919,8.18476076,0.00000045
1922,2.58187861,0.00000071
1928,-6.09228425,0.00000049
1929,-6.08558833,0.00000043
1930,-3.60202564,0.00000043
1931,-2.32223692,0.00000042
1932,-2.12414289,0.00000047
1825,9.59675406,0.00000053
1936,16.07922801,0.00000043
1937,8.45562502,0.00000041
1938,9.14941619,0.00000042
1941,1.91118212,0.00000042
1942,4.2672099,0.00000039
1943,5.74865104,0.00000039
1944,5.73816706,0.00000039
1945,4.41547721,0.00000039
1946,5.47443618,0.00000038
1947,6.80814539,0.00000038
1948,7.27581415,0.00000038
1949,6.55104092,0.00000038
1836,9.2238695,0.00000042
1950,5.55764959,0.0000004
1841,5.62157188,0.00000051
1951,6.99811503,0.00000038
1952,6.98944803,0.00000037
1953,6.07405792,0.00000038
1954,5.92312838,0.00000038
1955,4.16875933,0.0000004
1956,6.5827903,0.00000039
1957,6.96872532,0.00000039
1958,0.31959229,0.00000041
1959,4.87205871,0.00000041
1960,7.69426063,0.0000004
2030,9.28589083,0.00000041
2031,8.89923555,0.00000041
2032,8.58316334,0.00000042
2033,7.62075635,0.00000045
2036,7.37382303,0.00000047
2037,12.03680708,0.00000045
2038,13.94761131,0.00000045
2039,10.58648737,0.00000044
2040,10.15391102,0.00000045
2041,9.77128991,0.00000046
2042,11.46585485,0.00000048
2043,8.07030628,0.00000048
2044,4.99672833,0.0000005
2045,2.12165543,0.0000005
1885,1.07735646,0.00000075
1962,-3.39967423,0.00000037
2063,-2.65334785,0.00000034
2064,-5.30161184,0.00000034
1963,-8.74440911,0.00000044
1964,-7.79010007,0.00000039
1965,-4.49376966,0.00000035
1966,-3.65455975,0.00000035
1967,-3.67209584,0.00000036
1968,0.03310331,0.00000038
1969,4.76212533,0.00000039
1970,3.2918631,0.0000004
1971,1.62752732,0.00000042
1972,1.57296352,0.00000047
1921,1.97617461,0.00000077
1982,-4.46122886,0.00000045
1983,-7.14533457,0.00000045
1984,-4.97511939,0.00000043
1985,-2.01754009,0.00000044
1933,-3.66136389,0.00000058
1935,1.3927815,0.00000052
1987,2.70368987,0.00000045
1988,10.75049402,0.00000042
1989,6.89576697,0.0000004
1990,6.84975191,0.0000004
1939,11.03545235,0.0000005
1991,7.13223764,0.0000004
1993,5.85215186,0.0000004
1994,5.77561882,0.0000004
1995,6.34764091,0.00000039
1996,7.72771197,0.0000004
1997,4.21508508,0.0000004
1998,6.54757799,0.00000039
1999,7.50073986,0.00000038
2000,8.48135007,0.00000038
2001,7.61688308,0.00000038
2002,6.8600087,0.00000039
2003,6.7902387,0.00000041
2004,9.03639458,0.00000044
2005,5.78194187,0.00000042
2006,3.46362198,0.0000004
2007,-1.20270996,0.00000041
2008,3.3381151,0.00000042
2009,5.61596915,0.00000041
2010,5.95814716,0.00000041
2011,6.24317607,0.00000039
2012,5.69291698,0.00000038
2013,5.12132656,0.00000038
2014,7.17289282,0.00000038
2015,6.38013384,0.00000039
2016,9.0923279,0.00000039
2017,7.0032416,0.00000039
2018,6.25577541,0.00000039
2019,4.80034539,0.00000039
2020,7.85250229,0.00000039
2021,7.07318528,0.0000004
2022,3.07093723,0.0000004
2023,0.18139308,0.00000041
2024,5.1086318,0.00000042
2025,7.09174754,0.00000041
2026,14.31905265,0.00000042
2027,9.09816273,0.00000041
2028,8.45945362,0.00000041
2029,8.76667354,0.00000041
2065,6.09224729,0.00000038
2066,7.28206136,0.0000004
2067,6.2856165,0.00000041
2068,-0.15682593,0.00000044
2069,0.99510926,0.00000041
2070,1.34945033,0.00000042
1980,-7.23278656,0.00000051
1981,-5.22599262,0.00000048
2077,-0.30663447,0.00000048
2078,-0.82014248,0.00000046
1986,2.51434492,0.00000045
2080,2.679967,0.00000039
2081,4.52931922,0.0000004
1992,7.71585068,0.00000042
2082,5.7225804,0.00000041
2083,6.21613102,0.00000041
2084,4.91901177,0.00000039
2085,7.21340092,0.00000039
2086,6.73395287,0.00000039
2087,6.73997087,0.00000041
2088,7.58972883,0.00000041
2089,3.99841441,0.00000046
2090,5.25425037,0.00000045
2091,6.49296173,0.00000049
2092,4.59113096,0.00000043
2093,4.74856288,0.00000042
2094,3.84013186,0.00000042
2095,2.19328691,0.00000041
2096,2.17845205,0.00000042
2097,3.53275317,0.00000041
2098,4.5819332,0.0000004
2099,3.5169873,0.0000004
2100,3.01335009,0.00000039
2101,4.09940811,0.00000038
2102,4.16884881,0.00000038
2103,6.74426665,0.00000038
2104,6.75460088,0.00000039
2105,5.09956556,0.0000004
2106,0.27237139,0.00000042
2107,6.84139827,0.0000004
2108,6.44919424,0.00000039
2109,4.56511418,0.00000039
2110,9.4840498,0.00000041
2111,9.18136852,0.00000041
2112,8.72828934,0.00000041
2113,8.21184226,0.00000041
2114,8.38732526,0.00000041
2115,8.82647226,0.00000041
2116,9.68150127,0.00000043
2117,9.51014832,0.00000045
2118,11.58968455,0.00000046
2119,9.88543919,0.00000045
2120,12.50458123,0.00000045
2121,16.25480438,0.00000045
2122,12.35193854,0.00000045
2123,11.36161965,0.00000045
2124,11.74667181,0.00000046
2125,9.74388305,0.00000048
2126,8.61313713,0.00000049
2046,11.08660326,0.00000056
2127,7.48361902,0.00000051
2128,10.52957721,0.00000053
2129,13.08042529,0.00000055
2130,10.15755307,0.00000056
2047,8.46302124,0.0000006
2048,5.6848264,0.00000058
2049,2.96256369,0.00000065
2131,8.2484841,0.00000057
2132,7.62709905,0.00000056
2276,-4.30738514,0.00000037
2663,-1.15488932,0.0000004
2809,0.54607309,0.0000004
2157,-1.31911661,0.00000038
2236,2.96126457,0.00000039
2158,-0.87486861,0.0000004
2159,4.33565952,0.00000041
2075,10.93585397,0.00000045
2076,9.79070937,0.00000046
2164,6.47901412,0.00000044
2165,6.02647063,0.00000043
2166,9.64101963,0.00000043
2167,11.7549806,0.00000042
2168,-1.2413694,0.00000044
2169,-2.48632439,0.00000044
2172,4.81585869,0.00000039
2173,3.16301873,0.0000004
2174,3.63688637,0.00000042
2176,3.46111026,0.00000042
2177,5.37065543,0.0000004
2178,6.68940179,0.00000041
2179,2.03068795,0.00000041
2181,8.12698272,0.00000041
2182,6.79448355,0.00000041
2183,6.73022812,0.00000041
2184,5.71867635,0.00000043
2185,4.86819468,0.00000044
2186,5.09030178,0.00000046
2187,2.49234172,0.00000042
2188,1.88500662,0.00000042
2189,1.69253928,0.00000043
2191,3.96051954,0.00000042
2192,4.06516802,0.00000041
2193,4.25286406,0.00000038
2194,4.23332411,0.00000038
2195,3.45133951,0.0000004
2196,5.44671589,0.00000039
2197,5.18027208,0.00000039
2198,4.87964483,0.00000041
2199,6.24728985,0.00000041
2200,5.64400006,0.0000004
2201,4.87340302,0.0000004
2202,6.37869028,0.00000039
2203,6.23850116,0.00000039
2204,5.50015109,0.0000004
2205,7.92504107,0.0000004
2206,6.94988125,0.0000004
2207,7.78833828,0.0000004
2208,8.32889907,0.00000041
2209,9.82216812,0.00000042
2210,7.6610381,0.00000046
2211,10.36847697,0.00000046
2212,11.11700224,0.0000005
2213,11.70385425,0.00000046
2214,13.54321558,0.00000046
2215,11.71346365,0.00000046
2216,13.26010803,0.00000051
2217,10.49331805,0.00000051
2218,9.66455213,0.00000052
2219,12.47611607,0.00000053
2220,10.91982896,0.00000055
2133,6.62225906,0.00000058
2221,10.3514581,0.00000056
2134,4.49558899,0.00000062
2222,9.03476519,0.00000057
2223,8.45875295,0.00000059
2135,4.02704393,0.00000065
2224,3.23197585,0.00000063
2237,-0.62568146,0.0000004
2238,0.55446958,0.00000041
2160,3.65275919,0.00000042
2239,3.45378174,0.0000004
2240,4.32251388,0.0000004
2161,3.66353454,0.00000045
2241,4.0331099,0.00000041
2163,6.48319803,0.00000044
2242,5.31035888,0.00000043
2243,5.97316566,0.00000043
2244,5.55061961,0.00000041
2245,6.07748062,0.00000043
2246,3.90225172,0.0000004
2170,-0.89266239,0.00000045
2171,4.93825998,0.00000041
2247,3.97178114,0.0000004
2248,3.87214639,0.00000039
2249,4.57261671,0.00000039
2250,4.5955527,0.00000039
2251,5.08291,0.00000039
2252,3.15694211,0.0000004
2253,3.31623024,0.00000041
2254,5.02093353,0.0000004
2255,6.12464479,0.00000042
2256,3.90394757,0.00000041
2257,8.11577424,0.00000041
2258,5.49062246,0.00000041
2180,4.97258872,0.00000043
2259,1.78351468,0.00000041
2260,5.66702067,0.00000042
2261,5.95946067,0.00000043
2262,10.18200769,0.00000043
2263,9.3351949,0.00000045
2266,1.82329429,0.00000039
2267,4.31046813,0.00000039
2268,3.83513819,0.00000039
2269,4.09594566,0.0000004
2270,5.70419298,0.00000038
2271,6.11300375,0.00000039
2272,6.371045,0.00000039
2273,6.10928791,0.00000039
2319,8.20300085,0.00000041
2320,7.80093617,0.00000041
2321,6.74635234,0.00000041
2322,8.70142732,0.00000041
2323,10.57990169,0.0000004
2324,9.87007493,0.00000041
2325,8.56888702,0.00000042
2326,4.11600998,0.00000045
2327,10.95226304,0.00000046
2274,13.29044571,0.00000055
2275,10.78187859,0.00000058
2225,7.31535685,0.00000077
2226,8.05406785,0.00000083
2227,7.35538485,0.00000091
2277,-5.11005429,0.00000038
2278,1.38489881,0.00000039
2279,3.19342692,0.00000042
2281,1.31076848,0.00000048
2282,2.8930084,0.00000043
2283,3.31721756,0.00000042
2284,3.86055459,0.00000041
2285,4.12895804,0.00000039
2341,2.66907758,0.00000041
2286,5.36936912,0.00000039
2287,5.2479795,0.00000039
2288,5.55483681,0.00000039
2289,3.80988002,0.0000004
2290,2.83189007,0.00000039
2291,2.88267814,0.0000004
2292,6.74739835,0.0000004
2293,5.99869345,0.0000004
2294,6.37547372,0.00000039
2295,5.08508882,0.00000042
2296,2.17387553,0.0000004
2297,4.89762559,0.00000042
2298,5.63825264,0.00000042
2299,7.29266962,0.00000043
2300,4.87411628,0.00000045
2302,1.85504461,0.00000041
2303,3.20372998,0.0000004
2304,2.689191,0.0000004
2305,2.34355699,0.0000004
2306,3.69958081,0.00000039
2307,4.87935235,0.00000039
2308,5.03788324,0.00000039
2309,4.36069802,0.00000039
2310,5.86699701,0.00000039
2311,3.916119,0.00000039
2312,0.970214,0.00000039
2313,6.22937276,0.00000041
2314,5.12185754,0.00000045
2316,4.46488807,0.00000045
2317,3.56193003,0.00000045
2318,7.80329311,0.00000044
2420,0.19104497,0.0000004
2421,-0.66298922,0.0000004
2422,-1.18388422,0.00000042
2423,0.45320076,0.00000044
2424,10.69972477,0.00000041
2334,4.73349925,0.00000041
2425,4.77727952,0.00000041
2335,-1.46206381,0.00000044
2336,0.45092145,0.00000045
2337,3.56612051,0.00000044
2338,2.16735455,0.00000042
2339,3.28648857,0.00000042
2340,3.14433757,0.00000041
2343,3.38393712,0.00000038
2344,3.64532129,0.00000039
2345,7.06732751,0.00000041
2346,4.64785157,0.00000041
2347,6.36878757,0.00000043
2301,2.82650158,0.00000044
2348,4.39038081,0.00000043
2349,2.81981596,0.00000043
2350,1.56298125,0.00000043
2351,1.13323744,0.0000004
2352,2.53920582,0.00000039
2353,5.91021419,0.00000039
2354,4.11551537,0.00000039
2355,4.4263485,0.00000039
2356,4.24197616,0.00000039
2357,3.60764706,0.00000039
2358,5.25306604,0.00000039
2359,4.25888103,0.00000039
2360,2.35053606,0.0000004
2361,5.90782021,0.00000043
2362,7.14380864,0.00000043
2363,7.65368292,0.00000043
2315,4.39245012,0.00000047
2364,2.72501613,0.00000051
2365,3.66616215,0.00000047
2366,2.95123513,0.00000046
2367,0.8040471,0.00000053
2368,0.42279971,0.00000051
2369,11.44489497,0.00000047
2370,9.66924469,0.00000042
2371,9.28272172,0.00000042
2372,8.76364856,0.00000042
2373,7.35795268,0.00000041
2374,5.05502197,0.00000042
2375,9.14092397,0.00000041
2376,7.84724671,0.00000041
2377,10.24838175,0.00000041
2378,8.77932504,0.00000042
2379,8.82430007,0.00000042
2380,8.475566,0.00000044
2381,2.53370284,0.00000047
2328,17.45735583,0.00000056
2383,8.0735653,0.00000048
2384,12.45014903,0.00000048
2385,11.97156226,0.00000048
2386,9.29964373,0.0000005
2387,3.92288583,0.00000052
2329,8.13017319,0.00000058
2389,7.21189497,0.00000055
2391,7.76929403,0.00000056
2330,8.83849252,0.00000064
2392,11.70139504,0.00000057
2393,11.77212702,0.00000058
2394,8.66827831,0.00000069
2396,3.38743071,0.00000069
2397,4.4763524,0.0000007
2426,4.08916672,0.00000041
2427,8.88678988,0.00000043
2428,-1.6024665,0.00000043
2429,0.46178591,0.00000043
2430,-1.73844597,0.00000045
2431,-4.62484914,0.0000005
2432,4.02128256,0.00000041
2433,5.27475636,0.0000004
2435,4.45304423,0.00000039
2436,1.78042714,0.0000004
2437,3.34812405,0.0000004
2438,4.57663083,0.00000039
2439,10.37304348,0.0000004
2441,0.26655375,0.00000041
2442,5.00012279,0.00000039
2443,3.80976658,0.00000038
2444,3.63660351,0.00000038
2445,5.49245038,0.0000004
2446,4.24779003,0.00000039
2447,3.8410469,0.00000039
2448,2.45744199,0.00000039
2449,5.81306908,0.00000039
2450,4.74724208,0.00000039
2451,9.91839611,0.00000039
2452,5.42732313,0.0000004
2454,6.11241157,0.00000042
2455,4.99415258,0.00000042
2456,3.32720338,0.00000043
2457,5.78479944,0.00000042
2458,5.6312677,0.00000041
2459,8.12237181,0.00000042
2460,7.53877686,0.00000042
2461,9.38047668,0.00000044
2462,10.23230568,0.00000042
2463,9.16658726,0.00000042
2464,7.75911159,0.00000045
2465,8.47828574,0.00000045
2382,10.042443,0.00000053
2466,8.93256078,0.0000005
2467,11.16710399,0.0000005
2468,11.19145363,0.00000049
2470,9.5742567,0.00000052
2388,2.6950381,0.00000054
2471,6.36929192,0.00000053
2390,5.76400097,0.00000056
2472,5.65704098,0.00000056
2473,11.21301392,0.00000069
2395,10.75036892,0.00000086
2474,7.76680603,0.00000071
2491,-0.76011782,0.00000041
2664,-0.85165135,0.0000004
2492,-1.06299663,0.00000041
2493,-1.21689843,0.00000042
2494,1.22199177,0.00000046
2495,0.52826776,0.00000066
2496,5.28131203,0.00000041
2497,1.17280299,0.0000004
2498,11.35192203,0.00000042
2434,0.30925073,0.00000041
2499,5.84783515,0.00000041
2500,2.17464208,0.00000041
2501,1.03452186,0.00000041
2502,3.31486387,0.00000042
2503,3.8971408,0.00000042
2504,-0.8348103,0.00000043
2505,3.09803753,0.00000042
2506,5.68952524,0.00000041
2507,7.01189616,0.00000041
2508,3.99086916,0.0000004
2509,1.46695614,0.00000039
2510,3.3062589,0.0000004
2511,5.18211381,0.0000004
2512,5.52408005,0.0000004
2514,6.61815026,0.00000043
2518,-0.61639009,0.00000045
2519,2.82785501,0.00000039
2520,4.34005083,0.00000039
2521,3.95979659,0.00000038
2522,3.80515945,0.00000038
2523,6.5357175,0.0000004
2524,4.27142087,0.00000039
2525,4.02543273,0.00000039
2526,2.64188621,0.00000039
2527,6.3550561,0.00000039
2528,4.71022307,0.00000039
2529,3.91559309,0.00000039
2530,3.98954032,0.0000004
2453,2.89294437,0.00000042
2531,4.38946572,0.0000004
2532,4.19334744,0.0000004
2533,8.72364244,0.00000041
2534,9.31942047,0.00000043
2535,7.32291226,0.00000044
2536,12.43302557,0.00000048
2539,12.00517381,0.00000053
2475,7.66882303,0.00000079
2476,10.59421303,0.0000009
2540,-1.37224408,0.00000042
2583,0.76325844,0.00000042
2541,-0.21037515,0.00000044
2542,0.87651799,0.00000043
2543,0.14798213,0.00000043
2544,1.29422496,0.00000042
2545,5.41044108,0.00000044
2546,-0.81655989,0.00000042
2547,-1.13615986,0.00000041
2548,1.58889842,0.00000042
2549,1.20442475,0.00000042
2550,0.56465284,0.00000042
2551,0.37412091,0.00000041
2552,6.72157512,0.00000041
2553,4.32250916,0.0000004
2554,1.09954125,0.0000004
2555,2.84475388,0.0000004
2556,4.4756078,0.00000039
2557,6.48274652,0.0000004
2558,5.81948401,0.00000041
2559,3.28409837,0.00000041
2560,3.27678353,0.00000041
2515,-5.11324376,0.00000045
2561,3.48321032,0.0000004
2562,2.73891711,0.0000004
2563,3.01114707,0.00000041
2516,-5.09378193,0.00000044
2564,-2.37875222,0.00000042
2517,-3.25046191,0.00000046
2565,1.42166257,0.00000042
2566,5.14513531,0.00000041
2567,3.64160627,0.0000004
2568,3.47922207,0.0000004
2569,4.39542705,0.00000039
2570,1.59708321,0.00000039
2571,2.99582405,0.00000039
2572,4.00403293,0.00000038
2573,2.92006126,0.00000038
2574,3.05263385,0.00000039
2575,4.62259177,0.00000039
2576,4.11897492,0.0000004
2577,3.17774714,0.00000039
2578,4.17818813,0.00000041
2537,14.80076468,0.00000053
2580,8.46681044,0.00000052
2581,13.51982673,0.00000052
2538,13.50319474,0.00000053
2582,10.76945375,0.00000053
2584,0.75301664,0.00000043
2585,1.70756675,0.00000044
2586,0.08003076,0.00000044
2587,0.61872356,0.00000045
2588,0.54753046,0.00000045
2589,-1.90397145,0.00000047
2590,-2.08697532,0.00000043
2591,-3.2962583,0.00000047
2592,0.28549909,0.00000054
2594,3.0367988,0.00000044
2595,3.67807951,0.00000041
2596,3.97421411,0.00000039
2597,3.55479807,0.00000039
2598,7.64331841,0.0000004
2599,4.60549843,0.00000041
2600,4.03814743,0.00000042
2601,2.1399544,0.00000041
2602,3.67102533,0.00000041
2603,3.78815251,0.00000041
2604,3.49634459,0.0000004
2605,3.39958902,0.00000039
2606,2.35958706,0.0000004
2607,3.35724608,0.00000041
2608,3.93775106,0.00000043
2609,1.68049012,0.00000041
2610,4.03517147,0.00000041
2611,4.30693747,0.00000041
2612,4.37367059,0.0000004
2613,3.84747895,0.0000004
2614,4.78980102,0.0000004
2615,3.9628411,0.00000039
2616,3.2770211,0.00000038
2617,4.73877399,0.00000038
2618,4.39604713,0.00000038
2619,4.29910127,0.00000038
2620,5.4302293,0.0000004
2621,4.55502137,0.00000039
2622,3.98660796,0.00000039
2623,3.42447724,0.00000039
2624,3.04723162,0.00000041
2625,3.60966447,0.00000039
2626,4.28524801,0.0000004
2627,3.88891248,0.00000039
2628,3.37940331,0.0000004
2629,2.67191625,0.00000041
2630,3.07574333,0.00000042
2631,3.30898933,0.00000042
2632,6.26544723,0.00000042
2633,7.19117319,0.00000043
2634,5.75100515,0.00000041
2635,5.76388784,0.00000041
2579,8.05561933,0.00000053
2636,5.62870606,0.00000042
2637,5.28632504,0.00000043
2638,6.28862668,0.00000042
2639,6.10523433,0.00000042
2641,8.76969834,0.00000043
2642,6.48918126,0.00000044
2645,9.62283705,0.00000057
2646,6.00503747,0.00000054
2647,7.88612381,0.00000055
2648,10.12842575,0.00000055
2651,11.32020875,0.00000072
2665,-4.92993136,0.00000043
2666,1.13585498,0.00000045
2667,0.80434148,0.00000044
2668,0.87306748,0.00000045
2669,0.6997405,0.00000049
2671,-4.06235233,0.00000045
2672,-3.1260014,0.00000046
2673,0.26091318,0.0000005
2674,-1.84339985,0.00000043
2675,-3.33107501,0.00000041
2676,1.79548024,0.00000039
2677,3.42522533,0.00000039
2678,3.58148902,0.0000004
2679,3.58718113,0.0000004
2680,0.93432582,0.0000004
2681,3.17062393,0.00000039
2682,2.99315085,0.00000039
2683,5.67229198,0.00000041
2684,3.38794808,0.00000039
2685,3.72034712,0.00000039
2686,5.03645612,0.00000038
2687,4.29670019,0.00000038
2688,3.86340523,0.00000039
2689,5.47942727,0.00000039
2690,4.77186827,0.00000039
2691,4.19534108,0.00000039
2692,3.92693172,0.0000004
2693,4.57595395,0.0000004
2694,3.61509159,0.0000004
2695,4.06485772,0.00000039
2696,3.81927742,0.0000004
2697,3.27455631,0.0000004
2698,3.51842607,0.00000042
2699,4.16944038,0.00000042
2700,4.11423335,0.00000042
2701,5.66281023,0.00000042
2702,7.33773719,0.00000043
2703,5.91956222,0.00000042
2704,5.57655342,0.00000041
2705,5.64529806,0.00000043
2706,5.23819404,0.00000043
2707,6.27567701,0.00000042
2640,10.06164126,0.00000043
2708,6.60329623,0.00000042
2709,8.43794522,0.00000041
2710,10.58962524,0.00000042
2643,5.54760023,0.00000052
2711,1.44530418,0.00000045
2644,7.82075751,0.00000077
2712,11.41674451,0.00000057
2713,14.929781,0.0000006
2715,9.20034862,0.00000055
2716,7.28018956,0.00000055
2717,7.36567959,0.00000055
2718,7.05792267,0.00000057
2719,10.74937072,0.00000059
2649,17.82804772,0.00000067
2650,10.11369675,0.00000087
2652,10.88144775,0.00000085
2653,9.30497475,0.00000094
2654,8.48338375,0.00000106
2739,-1.1928504,0.0000004
2740,0.25914644,0.00000044
2741,0.39170546,0.00000047
2742,1.50501448,0.00000049
2745,-3.54892424,0.00000045
2746,-0.76680542,0.00000041
2772,-3.78844313,0.00000046
2747,0.5250543,0.0000004
2748,1.59236534,0.00000039
2749,-0.85822359,0.0000004
2750,2.10518149,0.00000039
2751,4.70986027,0.00000039
2752,4.17352641,0.00000039
2753,3.98013459,0.00000039
2754,2.93139197,0.00000039
2755,4.55399115,0.00000039
2756,5.36716417,0.00000039
2757,4.99720218,0.00000038
2758,8.4684862,0.00000039
2759,7.40743118,0.00000041
2760,4.52102915,0.00000043
2761,6.68768711,0.00000045
2762,8.40354111,0.00000048
2763,10.68835497,0.00000051
2764,13.49476793,0.00000053
2714,9.78147954,0.00000056
2765,11.0943188,0.00000056
2766,8.66867504,0.00000056
2767,9.19693237,0.00000059
2768,9.51000061,0.00000057
2769,8.88100066,0.0000006
2797,-1.02631326,0.00000042
2798,-2.21222643,0.00000043
2799,1.50522935,0.00000043
2810,0.50871646,0.00000041
2821,-3.45343293,0.00000051
2822,-3.23023786,0.00000051
2823,-1.50253682,0.00000051
2825,-0.62624057,0.00000056
2743,-3.53395849,0.00000054
2744,-6.58134737,0.00000052
2827,-3.74553693,0.00000051
2828,-3.80533107,0.00000048
2829,-4.5043573,0.00000046
2773,-2.80186126,0.00000048
2774,1.00753873,0.00000044
2775,-0.43437045,0.00000043
2776,4.71640532,0.00000041
2777,2.67302023,0.0000004
2778,1.22316305,0.00000041
2779,2.42142461,0.00000041
2780,2.36284849,0.0000004
2781,3.74023556,0.00000042
2782,3.58214957,0.00000041
2783,4.2556496,0.00000042
2784,6.40031475,0.00000045
2785,-0.31631678,0.00000043
2786,3.0575463,0.00000038
2808,4.27571286,0.00000042
2788,-3.59343108,0.00000055
2789,3.84363299,0.00000048
2790,0.56549222,0.00000042
2791,-0.01983744,0.00000041
2792,4.33696999,0.00000041
2793,3.11070858,0.00000041
2794,2.5809858,0.00000041
2795,1.98839143,0.00000041
2796,3.66464669,0.00000039
2906,0.0639661,0.00000039
2907,-0.63936755,0.00000041
2787,-1.71307208,0.0000007
2802,2.39285704,0.00000042
2803,0.688194,0.00000042
2804,-0.18528078,0.00000042
2805,3.89857342,0.00000041
2806,4.03311266,0.00000041
2807,4.48410288,0.00000041
2868,-0.86235899,0.0000004
2905,4.00893891,0.00000042
2811,-0.86470105,0.00000042
2812,-2.26954406,0.00000043
2813,-1.79678706,0.00000043
2814,-1.08311581,0.00000043
2815,0.02784218,0.00000044
2816,0.93447713,0.00000045
2800,1.9342667,0.00000045
2801,0.74672974,0.00000043
2830,1.82471376,0.00000044
2831,0.87894662,0.00000043
2832,1.0999976,0.00000042
2833,0.19949818,0.00000041
2834,3.21110404,0.0000004
2934,0.28500665,0.00000041
2839,-2.97699493,0.00000044
2840,2.02460077,0.00000041
2841,2.40969341,0.00000041
2842,1.16668424,0.00000041
2843,0.20968117,0.00000042
2844,-2.80531797,0.00000043
2845,-1.97356393,0.00000043
2846,-1.06971675,0.00000044
2817,-0.46833587,0.00000057
2847,-1.40525048,0.00000045
2848,-3.57117667,0.00000047
2849,-4.32703686,0.00000052
2824,8.71612219,0.00000055
2850,-3.92906882,0.00000052
2851,16.64937989,0.00000062
2852,-1.5271064,0.00000054
2853,-4.94885079,0.00000047
2854,-0.31356537,0.00000051
2857,2.23590011,0.00000043
2858,1.3380893,0.00000043
2859,-1.3753887,0.00000042
2860,-1.06651664,0.00000042
2861,0.58072086,0.00000042
2862,-1.28021984,0.00000043
2863,4.23052814,0.00000044
2864,1.48447389,0.00000043
2865,1.77558906,0.00000044
2866,4.522457,0.00000043
2867,5.61246208,0.00000043
2835,-5.41196351,0.00000051
2836,-5.80672871,0.00000048
2869,-5.15908149,0.0000005
2870,-3.92490945,0.00000049
2837,-4.54145862,0.00000048
2871,-4.39883735,0.00000048
2872,-3.96663729,0.00000048
2873,-0.23254037,0.00000048
2874,-0.82367616,0.00000048
2875,-1.72614998,0.00000049
2838,-2.82772246,0.00000045
2876,-3.42231984,0.00000048
2877,-2.52879688,0.00000048
2878,-4.8429012,0.00000046
2879,-4.93868439,0.00000045
2880,-3.52331949,0.00000045
2881,-1.53288766,0.00000044
2882,-2.87422075,0.00000044
2883,-3.03444878,0.00000044
2884,1.30694629,0.00000041
2921,-3.61238778,0.00000044
2955,-4.28090449,0.00000044
2967,-3.27993356,0.00000043
2968,-5.57100299,0.00000042
2885,0.77722824,0.00000042
2886,-0.14153669,0.00000043
2948,-2.74037889,0.00000042
2887,-0.38399334,0.00000063
2936,-2.80971349,0.0000005
2888,-2.15136028,0.00000046
2855,-4.04267156,0.00000049
2856,-2.28709768,0.00000054
2889,-0.57329479,0.00000045
2890,-2.31766176,0.00000041
2891,-0.66633562,0.00000042
2892,-0.26085574,0.00000043
2893,0.85321022,0.00000043
2894,2.74584546,0.00000044
2895,0.90352352,0.00000042
2896,0.88277603,0.00000044
2897,0.82964519,0.00000041
2898,0.34728512,0.00000041
2899,-0.14231603,0.00000041
2900,-2.6832297,0.00000044
2901,7.43451347,0.00000043
2902,2.24765625,0.00000041
2903,1.32038385,0.00000041
2904,1.38602291,0.00000042
2974,-7.28533545,0.00000047
2983,-8.23089349,0.00000048
2908,-4.32552134,0.00000048
2909,-4.14897131,0.00000048
2910,-2.44515125,0.00000049
2911,0.34546524,0.00000048
2912,0.08389596,0.00000048
2913,0.06253612,0.00000049
2914,-2.73503782,0.00000047
2915,-4.43030192,0.00000046
2916,-4.72975718,0.00000046
2917,-5.85359134,0.00000046
2918,-4.45200351,0.00000045
2919,-1.36523369,0.00000045
2920,-2.94519275,0.00000044
2941,-0.60866659,0.00000043
2946,-0.89298548,0.00000048
2922,0.67419329,0.0000004
2942,-2.44834258,0.00000041
2923,0.81324527,0.00000041
2924,0.73201663,0.00000041
2925,6.75041555,0.00000043
2926,2.27810933,0.00000041
2927,1.40992757,0.00000041
2928,0.77585502,0.00000043
2929,4.68651792,0.00000043
2930,-0.50803316,0.00000042
2931,1.21484034,0.00000041
2932,2.87799176,0.0000004
2933,1.52193548,0.0000004
2951,-4.84418732,0.00000045
2952,-4.90719624,0.00000045
2953,-5.1660712,0.00000044
2954,-3.57071622,0.00000044
2937,1.19443087,0.0000004
2943,1.58704858,0.00000041
2938,1.07925804,0.0000004
2939,1.39037215,0.00000041
2940,2.12982446,0.00000041
2935,-1.62922949,0.00000056
2944,2.75807437,0.00000041
2945,2.72422836,0.00000042
2950,2.74576041,0.00000047
2947,0.59353053,0.00000042
2973,1.70223663,0.00000043
2988,2.4544913,0.00000045
2982,1.75681882,0.00000042
2949,-4.18619399,0.00000048
2956,-3.24344187,0.00000045
2957,-5.71929285,0.00000045
2969,-5.9097259,0.00000043
2958,-7.1805688,0.00000045
2959,-7.11214843,0.00000047
2960,-3.32367028,0.00000047
2961,-4.07120623,0.00000047
2962,-4.59730127,0.00000045
2963,-4.6088932,0.00000045
2964,-3.66523821,0.00000045
2965,-4.14713998,0.00000044
2966,-3.66779067,0.00000044
2970,-5.56293785,0.00000044
2971,-6.19866388,0.00000045
2972,-5.13181803,0.00000046
2975,-6.7287275,0.00000047
2976,-6.86038094,0.00000046
2977,-5.60020899,0.00000045
2978,-5.50667198,0.00000045
2979,-6.30334184,0.00000044
2987,-5.45689197,0.00000045
2990,1.00734249,0.00000042
3001,1.17966125,0.00000042
2991,0.46903774,0.00000042
2992,0.01708271,0.00000043
2993,0.08861665,0.00000043
2994,-0.12424057,0.00000043
2995,0.3664271,0.00000043
2996,0.18439008,0.00000043
2980,-8.65765375,0.00000045
2997,0.47091807,0.00000043
2998,-1.80934996,0.00000044
2981,-5.66971937,0.00000047
2984,-6.14982453,0.00000047
2985,-6.41417078,0.00000046
2986,-5.16244195,0.00000045
2999,0.04356399,0.00000045
3000,-0.57372108,0.00000045
3022,6.41542721,0.00000045
3077,-1.35636316,0.00000044
3002,0.59068954,0.00000042
3003,0.12220868,0.00000042
3004,0.00804104,0.00000043
3005,-0.36172993,0.00000043
3006,-0.37776694,0.00000044
3007,-0.37306101,0.00000044
3008,2.12111492,0.00000045
3061,-0.69153272,0.00000043
3066,0.60007393,0.00000044
3070,0.45850063,0.00000045
3087,-1.45178167,0.00000048
3055,-1.22298066,0.00000043
3049,0.67738913,0.00000043
3015,-3.22171393,0.00000048
3023,0.51285811,0.00000048
3033,1.30222825,0.00000046
3043,1.06596761,0.00000045
3009,6.79025991,0.00000049
3016,-3.74211281,0.0000005
3017,2.45411582,0.00000048
3018,2.06251488,0.00000046
3019,2.8471509,0.00000046
3010,6.41882992,0.00000048
3011,5.16433495,0.00000048
3020,2.35430889,0.00000046
3012,2.84426498,0.00000048
3021,0.73129299,0.00000047
3013,3.55094767,0.00000049
3032,6.23463843,0.00000047
3014,3.65550193,0.00000051
3024,-2.19120088,0.00000048
3025,-1.74290403,0.0000005
3026,0.07248583,0.00000047
3027,2.47495496,0.00000047
3028,-0.11108908,0.00000046
3029,0.91878576,0.00000046
3030,1.69546178,0.00000047
3031,7.68632254,0.00000047
3041,4.16380193,0.00000051
3042,6.20174197,0.0000005
3054,3.6250872,0.00000045
3034,0.26516925,0.00000046
3035,-0.50180893,0.00000047
3036,2.25337905,0.00000046
3037,3.50005949,0.00000046
3038,6.08918958,0.00000046
3039,6.55372069,0.00000049
3040,6.59246369,0.00000046
3044,-0.86169604,0.00000045
3045,-1.1750729,0.00000045
3046,2.14347481,0.00000046
3047,2.38372413,0.00000045
3048,4.16493949,0.00000046
3053,3.18825436,0.00000045
3050,-0.07008895,0.00000044
3051,0.2413198,0.00000044
3052,-1.33474551,0.00000045
3056,0.76364467,0.00000043
3057,3.1029538,0.00000045
3058,1.55324197,0.00000045
3059,4.02706073,0.00000045
3060,3.66076906,0.00000045
3065,3.7116924,0.00000045
3073,5.47629476,0.00000045
3062,1.56069993,0.00000044
3063,2.52279993,0.00000045
3064,2.9841597,0.00000045
3067,1.3340489,0.00000045
3068,1.57254731,0.00000045
3069,2.52791616,0.00000045
3071,-1.82751929,0.00000045
3072,0.49136652,0.00000045
3074,-2.53557036,0.00000046
3089,0.17601645,0.00000047
3090,0.5502416,0.00000046
3075,2.1012787,0.00000047
3076,0.96558555,0.00000046
3078,4.36150043,0.0000005
3079,1.76499545,0.00000048
3080,0.60456346,0.00000047
3083,-0.4119827,0.00000047
3081,-2.0184817,0.00000045
3082,-2.16938944,0.00000045
3084,1.23257838,0.00000046
3107,-0.40792071,0.00000047
3108,-1.12312959,0.00000048
3136,-1.04022255,0.00000047
3137,-0.72058064,0.00000047
3109,-2.01528631,0.00000049
3110,-2.23942627,0.00000049
3085,1.08234731,0.00000047
3086,0.42623332,0.00000047
3118,-2.78883562,0.00000047
3101,-3.14646152,0.00000047
3102,-2.20856963,0.00000047
3103,-0.95522573,0.00000048
3104,-3.26347954,0.00000048
3105,-3.5584869,0.00000048
3106,-0.6771395,0.00000049
3098,-0.81301881,0.00000048
3119,-2.38195764,0.00000047
3120,-0.85061374,0.00000048
3121,1.48208948,0.0000005
3099,-0.70955884,0.00000047
3100,-1.43093043,0.00000047
3088,-0.94367762,0.00000048
3091,1.19041017,0.0000005
3092,0.25434617,0.00000053
3093,-1.79469766,0.00000048
3094,-1.31639857,0.00000048
3095,-0.50496859,0.00000047
3096,0.09290147,0.00000047
3097,-0.08964194,0.00000048
3112,-1.48546007,0.00000048
3139,-3.00806033,0.00000051
3113,-1.48956436,0.00000048
3114,-2.78650185,0.00000048
3115,-2.29343966,0.00000047
3116,1.52336227,0.0000005
3117,0.26477028,0.00000051
3122,-0.03947934,0.0000005
3123,-2.14906988,0.0000005
3124,-4.026457,0.00000049
3125,-2.74587378,0.00000048
3126,-0.75167973,0.00000048
3127,-0.94438762,0.00000047
3128,-2.19126951,0.00000047
3129,-2.13853942,0.00000047
3130,-0.87749886,0.00000047
3131,-1.52911665,0.00000048
3132,-2.59689347,0.00000048
3133,-2.84915958,0.00000048
3134,-0.78116444,0.00000048
3135,0.18036396,0.00000048
3138,-3.41946091,0.00000048
3111,-1.64613427,0.00000066
3140,0.0881718,0.0000005
3141,-1.95490717,0.00000048
3142,-2.97812794,0.00000048
3143,0.17505812,0.0000005
3144,0.09894184,0.00000051
3145,-0.46594548,0.0000005
3148,-2.90902943,0.00000046
3146,-1.29077959,0.00000047
3147,-3.09606158,0.00000046
3150,-2.56271032,0.00000047
3149,-2.12580829,0.00000047
