479,0,0
1,-15.5304401,0.00000077
2,-19.20524621,0.00000076
9,-22.53909993,0.00000071
33,-19.45074236,0.00000068
11,-20.70971094,0.0000007
12,-21.76989794,0.00000071
13,-19.92294476,0.00000072
14,-17.43318995,0.00000073
15,-15.62949095,0.00000074
10,5.07695815,0.00000049
17,4.95907917,0.00000047
18,8.57283909,0.00000045
115,-23.67923895,0.00000059
19,-22.48591205,0.00000075
20,-21.14037519,0.00000071
16,-20.08082998,0.00000076
21,-20.36673001,0.00000069
22,5.18621321,0.00000048
23,5.80538018,0.00000049
24,4.66097213,0.00000048
25,5.35502324,0.00000047
26,6.10659717,0.00000047
31,5.54359591,0.00000046
41,6.93216801,0.00000044
52,5.7051411,0.00000043
70,12.43280516,0.00000041
32,-20.8536866,0.00000072
42,-14.00892898,0.0000007
27,4.92015611,0.0000005
34,3.88850431,0.00000048
28,3.18063733,0.0000005
29,5.42814658,0.00000049
30,4.15613848,0.00000048
35,4.84291456,0.0000005
36,4.0101975,0.00000051
37,3.00251646,0.00000051
40,6.35079778,0.00000045
44,-21.8836817,0.00000068
45,-14.62830293,0.00000069
54,5.69857143,0.00000043
38,12.45025772,0.00000058
39,11.67604873,0.00000054
47,14.75132072,0.00000056
48,12.27504272,0.00000053
49,7.67624762,0.00000046
50,7.96611654,0.00000045
51,5.72079282,0.00000044
43,-15.7491718,0.00000068
56,-18.81679793,0.00000059
46,-18.77115187,0.0000007
58,-13.66508874,0.00000065
55,5.91473127,0.00000042
94,14.45326613,0.0000004
132,13.59145246,0.00000041
133,12.89345836,0.00000039
75,-26.3803409,0.0000006
76,-26.49499493,0.00000059
77,-25.31351595,0.0000006
78,-20.34862599,0.00000059
79,-22.46735698,0.0000006
80,-21.27947194,0.00000059
57,-17.90458875,0.00000065
64,-17.93804375,0.00000068
81,-16.80886175,0.0000006
65,-17.38526163,0.0000006
59,17.82996511,0.00000042
60,17.9358162,0.00000044
71,19.68636902,0.00000042
96,14.3834993,0.00000041
97,17.60562401,0.00000042
61,18.04696464,0.00000045
72,19.0915749,0.00000043
62,19.29549672,0.00000046
413,28.02407757,0.00000048
63,-16.88165094,0.00000076
145,-17.33064839,0.00000051
66,-17.29184039,0.00000051
67,-17.93273339,0.0000005
82,-22.94521038,0.00000049
68,-18.4964024,0.00000048
69,-20.13683939,0.00000045
83,-21.08486743,0.00000048
84,-15.50191795,0.00000048
85,-17.98177634,0.00000047
86,-19.07596225,0.00000047
87,-19.2112833,0.00000047
88,-18.61986157,0.00000046
89,-17.68708672,0.00000046
90,-17.39434094,0.00000046
91,-17.39231318,0.00000045
92,-17.34444531,0.00000045
93,-16.99911441,0.00000045
95,14.73717013,0.00000042
137,15.69942192,0.00000041
412,28.95453151,0.00000048
73,-19.9130079,0.00000064
74,-22.83444189,0.00000063
98,-25.59119187,0.00000058
99,-23.860775,0.00000058
100,-23.19789705,0.00000057
101,-23.01421203,0.00000058
122,-13.82266062,0.00000065
102,-16.58097723,0.00000047
103,-18.80754196,0.00000046
104,-19.43719523,0.00000047
105,-20.38710439,0.00000046
106,-20.48696089,0.00000045
107,-20.04460698,0.00000045
108,-17.297009,0.00000044
109,-17.16775675,0.00000044
110,-17.3516321,0.00000045
243,-13.36897885,0.00000044
134,15.38986804,0.00000041
153,17.41138194,0.00000039
154,18.420307,0.00000038
111,16.67854905,0.00000042
112,13.48114884,0.00000042
113,18.59817885,0.00000042
114,16.88354391,0.00000042
116,-29.28069903,0.00000059
117,-24.23048133,0.00000056
118,-24.82140802,0.00000058
119,-24.78924292,0.00000058
121,-18.41036124,0.00000058
123,-17.59843633,0.00000045
124,-19.59708809,0.00000046
125,-20.10595599,0.00000045
126,-19.92802697,0.00000045
127,-18.36433709,0.00000044
128,-17.89595421,0.00000044
129,-17.88404328,0.00000044
130,-18.54338436,0.00000045
135,13.40946395,0.00000041
136,16.63923091,0.00000042
138,-28.927281,0.00000056
140,-20.36855337,0.00000058
141,-23.80670723,0.00000056
142,-25.0760708,0.00000056
120,-23.14575775,0.00000061
143,-18.57773901,0.00000057
158,-22.46698595,0.00000056
159,-17.71923048,0.00000056
146,-21.44868202,0.00000044
169,-14.58303025,0.00000045
147,-20.77417784,0.00000045
148,-18.17370229,0.00000044
149,-18.40146425,0.00000044
131,14.7768401,0.00000047
150,12.64083776,0.00000038
151,13.40565357,0.00000038
152,18.07197306,0.00000039
179,18.09583698,0.00000039
193,21.91836789,0.00000038
411,31.60455949,0.00000048
139,-22.65506947,0.00000058
155,-23.46866631,0.00000054
364,-21.63898827,0.0000005
156,-21.01064941,0.00000056
157,-21.46856757,0.00000058
144,-18.20663539,0.00000055
160,-16.75081939,0.00000056
168,-16.95706238,0.00000055
170,-17.11552907,0.00000046
171,-19.9716031,0.00000045
172,-17.79165608,0.00000045
187,-17.63425614,0.00000044
241,-7.91845807,0.00000044
242,-10.72078005,0.00000046
206,10.4205072,0.00000044
208,13.6346814,0.0000004
209,10.25253376,0.00000037
161,18.31883891,0.00000038
162,20.49753892,0.0000004
163,19.60571894,0.00000039
164,19.85311201,0.00000039
165,18.75525007,0.00000038
166,20.8492711,0.00000038
167,-25.96468825,0.00000055
194,-26.14601428,0.00000053
173,17.64982284,0.00000039
174,18.91081291,0.00000039
175,19.17524308,0.00000038
176,18.66820811,0.00000038
177,19.91663708,0.00000038
178,19.74262421,0.00000037
182,-18.30088349,0.00000045
183,-17.6642925,0.00000045
184,-17.80584693,0.00000044
195,-15.10566445,0.00000046
185,-16.95135102,0.00000045
186,-18.44236113,0.00000045
188,18.08268145,0.00000036
189,18.11201636,0.00000038
190,15.64458734,0.00000041
191,19.33736031,0.00000038
192,23.77261578,0.00000039
180,-18.47846126,0.00000058
232,-19.5515762,0.00000048
311,-23.14576633,0.00000052
181,-16.15383745,0.00000066
196,-15.05210454,0.0000005
197,-20.85444556,0.00000047
198,-20.58738955,0.00000046
199,-20.06372352,0.00000045
200,-16.87266912,0.00000045
201,-17.8254743,0.00000044
202,-17.83420944,0.00000044
203,-17.69705606,0.00000045
204,-18.10589997,0.00000046
205,-18.64641181,0.00000046
210,21.54420951,0.00000037
224,14.54897101,0.00000037
225,18.51618443,0.00000038
226,21.70534125,0.00000038
227,23.51887441,0.00000039
228,18.25929535,0.00000038
211,19.72016288,0.00000037
231,19.59707888,0.00000037
252,22.703524,0.00000036
281,21.16424067,0.00000041
460,36.09225018,0.0000005
309,-21.21015128,0.00000056
310,-20.9511433,0.00000053
212,-22.19962967,0.00000045
233,-16.49251903,0.00000046
234,-18.27165267,0.00000046
235,-16.56788368,0.00000047
213,-21.16192179,0.00000047
214,-18.47513283,0.00000044
215,-18.46193579,0.00000044
262,-15.0771657,0.00000044
217,11.87508327,0.00000051
218,11.46395332,0.00000042
221,15.03375601,0.00000038
222,11.21601993,0.00000038
223,14.0299759,0.00000043
229,20.11204544,0.00000037
230,19.60289478,0.00000039
236,-13.54971386,0.00000047
237,-12.39929001,0.00000046
238,-15.29530199,0.00000046
239,-15.69129032,0.00000045
240,-15.99541518,0.00000045
267,13.03787627,0.00000071
219,9.67277259,0.0000004
269,8.13815403,0.00000037
220,8.59622181,0.0000004
270,10.51752754,0.00000038
272,7.57451186,0.00000034
273,8.24242691,0.00000035
245,11.93732585,0.00000035
246,16.75134276,0.00000036
247,18.61572386,0.00000037
248,19.78758593,0.00000038
249,16.82941413,0.00000037
250,19.3733343,0.00000037
251,18.02756993,0.00000037
253,-18.65320349,0.00000048
254,-18.66965576,0.00000048
255,-17.1151977,0.00000046
256,-17.17680552,0.00000046
257,-18.93587656,0.00000046
258,-15.95969474,0.00000046
259,-13.5986241,0.00000048
260,-15.5433592,0.00000045
261,-15.79202321,0.00000044
286,-15.9744003,0.00000043
263,-5.43232128,0.00000043
264,-6.18528213,0.00000044
265,-11.70614091,0.00000044
266,-8.0539748,0.00000045
290,-13.04313695,0.00000045
296,10.86729511,0.00000033
297,12.8395593,0.00000033
298,20.33373193,0.00000034
274,16.24973782,0.00000034
275,20.29701589,0.00000037
276,18.3599532,0.00000036
277,18.52040228,0.00000037
278,20.99716953,0.00000037
279,22.06568739,0.00000037
280,21.08938537,0.00000039
312,-17.05781559,0.00000044
365,-24.45054436,0.00000047
282,-17.10977115,0.00000044
283,-17.44860025,0.00000044
284,-16.97036825,0.00000044
285,-16.83903827,0.00000044
287,-13.72111438,0.00000043
288,-9.71474424,0.00000043
475,-10.93627631,0.0000004
289,-9.33935647,0.00000044
323,-6.08503599,0.00000042
268,4.28138865,0.00000044
291,7.46270614,0.00000039
292,8.6993959,0.00000037
271,1.35952876,0.00000041
293,6.2559808,0.00000036
294,9.01924086,0.00000035
295,9.94481589,0.00000034
299,15.01419376,0.00000036
300,20.21946971,0.00000036
301,18.77968673,0.00000035
302,19.51546094,0.00000034
303,20.91093233,0.00000035
304,20.2992343,0.00000036
305,19.2478133,0.00000036
306,21.35576146,0.00000036
307,22.47728036,0.00000037
308,23.78984041,0.0000004
313,-16.45024254,0.00000044
314,-17.67255129,0.00000045
315,-14.80523344,0.00000046
316,-16.51053752,0.00000045
317,-16.73838743,0.00000044
318,-19.20789817,0.00000047
320,-14.34540934,0.00000044
321,-17.3167844,0.00000044
322,-16.18981708,0.00000044
378,-16.43269389,0.00000043
379,-16.55375413,0.00000043
324,-5.52835201,0.00000045
325,-3.78454202,0.00000048
332,11.06637488,0.0000003
333,12.63004383,0.00000031
334,12.56304919,0.00000035
335,10.86802622,0.00000033
336,11.86543832,0.00000035
337,12.86517679,0.00000036
338,12.67254601,0.00000036
340,20.89492195,0.00000034
341,19.76344531,0.00000036
342,20.43434247,0.00000039
343,21.34043597,0.00000035
344,20.65920715,0.00000036
345,23.70669403,0.00000039
346,16.86922401,0.00000038
347,17.64795605,0.00000037
348,12.89430656,0.00000038
349,19.01110863,0.00000037
350,23.51708964,0.00000039
351,18.76599485,0.00000037
352,25.86934354,0.00000036
353,23.97465546,0.00000038
354,24.08537141,0.0000004
355,24.2545576,0.00000046
356,21.92150073,0.00000041
357,21.94975306,0.0000004
358,20.46785531,0.00000036
359,20.3946873,0.00000036
360,19.96045626,0.00000036
361,21.70665491,0.00000037
362,22.82191225,0.00000037
363,26.56953436,0.00000039
366,-16.39754943,0.00000044
367,-16.74133929,0.00000046
368,-17.12672588,0.00000044
369,-17.46370787,0.00000044
370,-19.0271947,0.00000046
371,-16.16852056,0.00000046
372,-17.00398252,0.00000045
373,-16.86563343,0.00000044
374,-18.45956737,0.00000046
319,-13.23360031,0.00000048
375,-17.17597047,0.00000044
376,-17.65931369,0.00000044
377,-17.21271485,0.00000046
426,-4.16326213,0.00000039
327,-1.38577216,0.00000017
328,-1.33635593,0.00000017
380,-1.46958772,0.00000017
381,-1.16850657,0.00000016
382,-1.16132661,0.00000016
329,-1.6169589,0.0000002
383,-1.91925077,0.00000016
330,6.26452899,0.00000019
331,5.4030618,0.00000021
384,0.90738866,0.00000013
430,-0.20314778,0.00000013
385,2.04962273,0.00000016
386,6.8956057,0.00000029
387,7.4759543,0.00000031
388,9.49611556,0.00000033
389,7.64128119,0.0000003
390,6.84252961,0.00000031
391,11.03605978,0.00000032
392,11.28565878,0.00000033
393,13.54237274,0.00000032
394,12.43799859,0.00000033
395,13.77834314,0.00000034
396,11.82047112,0.00000032
339,10.37421489,0.00000039
397,14.47304299,0.00000034
398,15.23524668,0.00000034
399,20.31019792,0.00000036
400,20.34393595,0.00000035
401,19.27380991,0.00000034
402,15.24144002,0.00000035
403,17.21179496,0.00000036
404,14.93786538,0.00000038
405,20.63106547,0.00000037
406,25.48725287,0.00000038
407,15.64399819,0.00000038
408,20.50930351,0.00000038
409,25.57642651,0.00000037
410,24.14179545,0.00000036
457,11.52166356,0.00000041
464,-22.73181827,0.00000049
465,-18.81502329,0.00000046
414,-18.45286402,0.00000046
415,-17.8130566,0.00000045
416,-17.58145648,0.00000045
417,-17.72509538,0.00000045
418,-16.65393414,0.00000046
419,-18.21179483,0.00000044
420,-18.48819884,0.00000044
421,-17.50048757,0.00000044
422,-17.70941239,0.00000044
423,-17.61620111,0.00000043
424,-16.80787547,0.00000043
425,-17.59780727,0.00000043
427,-2.03156262,0.00000016
428,-1.74999961,0.00000015
429,-1.85416566,0.00000015
431,-0.12514199,0.00000007
432,-0.18301707,0.00000007
433,-0.26151823,0.00000007
434,-2.60328422,0.00000014
435,7.08088681,0.00000023
481,3.750831,0.00000019
437,6.01724906,0.00000029
438,6.4104176,0.0000003
439,7.7140578,0.00000033
440,8.1451818,0.00000029
441,11.97388378,0.00000032
442,12.66193391,0.00000033
443,15.94538343,0.00000032
444,14.7523364,0.00000031
445,13.68059996,0.00000033
446,12.75151295,0.00000034
447,15.79073891,0.00000034
448,17.1616698,0.00000033
449,18.14813065,0.00000033
450,18.83293947,0.00000034
451,20.62095184,0.00000035
452,20.03559301,0.00000033
453,15.30087318,0.00000035
454,15.86493355,0.00000035
455,9.14773964,0.00000036
461,33.56946816,0.0000005
462,33.92412876,0.0000005
463,28.12125256,0.00000049
466,-19.06275582,0.0000005
467,-18.16248082,0.00000046
468,-18.4438275,0.00000045
469,-18.92139152,0.00000045
470,-17.67124641,0.00000045
471,-14.85102734,0.00000044
472,-17.07257768,0.00000044
473,-16.50232105,0.00000044
474,-14.760653,0.00000044
529,-17.66632209,0.00000043
563,-11.70911825,0.00000039
926,-5.92507835,0.00000021
506,-0.74836651,0.0000001
476,-0.32630881,0.00000012
477,0.06135907,0.00000007
478,0.05826111,0.00000005
480,-1.70499433,0.00000015
482,3.24193765,0.00000021
483,15.473838,0.00000024
484,11.09030203,0.00000025
485,13.25307207,0.00000026
486,10.05283154,0.00000025
436,4.94830654,0.00000056
487,12.2142425,0.00000029
488,2.58615266,0.00000029
489,10.27903159,0.00000028
490,13.08139543,0.0000003
491,14.1833975,0.00000032
492,9.92360371,0.00000031
493,16.33225794,0.00000031
494,17.31379496,0.00000031
495,17.17084791,0.00000033
496,13.38691779,0.00000033
456,21.8040027,0.0000004
497,14.28246776,0.00000036
498,15.92442682,0.00000036
499,11.79204426,0.00000037
458,11.24561134,0.0000004
459,7.71090985,0.00000043
500,10.65844936,0.00000038
501,10.6709845,0.00000039
502,13.27509355,0.0000004
503,27.39517857,0.00000042
505,-20.74207112,0.00000044
530,-12.45353717,0.00000038
531,-13.67257363,0.00000038
559,-19.30946104,0.00000042
560,-12.20953317,0.00000038
507,-0.7312175,0.0000001
508,5.60324245,0.00000018
509,2.50028731,0.0000002
510,8.19528714,0.00000022
511,9.29277205,0.00000025
512,7.8084358,0.00000026
513,8.39169772,0.00000028
514,3.60778144,0.00000028
515,9.07384763,0.00000027
516,8.62371044,0.00000029
542,7.01444033,0.00000027
517,7.49605312,0.00000033
518,11.46564728,0.00000033
519,16.15197112,0.00000032
520,14.73050406,0.00000031
521,13.48565685,0.00000031
522,15.94567383,0.00000032
523,18.83224673,0.00000034
524,11.25434576,0.00000035
525,16.1704957,0.00000036
526,14.44157801,0.00000037
527,13.33220064,0.00000038
528,12.7586956,0.00000038
504,20.49673009,0.00000051
558,13.14852267,0.00000039
589,2.80280661,0.00000018
532,2.23409608,0.00000018
564,1.51543643,0.00000019
533,2.15884217,0.00000018
534,1.28637612,0.00000022
535,3.17733423,0.00000025
536,4.22661318,0.00000027
537,3.34274809,0.00000029
538,0.58472626,0.00000026
539,5.09376314,0.00000028
540,9.04995721,0.00000029
541,11.21692508,0.00000028
543,8.5263773,0.00000032
575,15.96387338,0.0000003
544,11.99924523,0.00000033
545,15.00083622,0.00000034
546,15.02246719,0.00000032
547,14.45818411,0.00000032
548,13.73597207,0.00000032
549,12.85121236,0.00000032
550,13.74081247,0.00000032
551,14.1886756,0.00000033
552,16.48189364,0.00000034
553,15.98946678,0.00000034
554,17.4015817,0.00000035
555,18.0485216,0.00000037
556,13.66233392,0.00000039
557,11.83094852,0.00000037
561,-12.58797713,0.00000038
562,-13.46987588,0.00000038
565,1.63429624,0.00000022
566,2.3166621,0.00000022
567,2.75209503,0.00000022
568,1.92968703,0.00000021
569,3.10178904,0.0000002
570,4.09230801,0.00000021
571,2.21206468,0.00000025
572,4.59072827,0.00000024
573,16.50333825,0.00000025
574,21.97942048,0.00000029
602,7.655057,0.00000032
603,12.51471804,0.0000003
576,13.26850528,0.00000032
577,15.40620128,0.00000033
578,15.35871839,0.00000033
579,16.61776788,0.00000033
580,13.71934322,0.00000033
581,14.29898735,0.00000032
582,18.52389332,0.00000034
583,15.73262533,0.00000034
584,13.93940445,0.00000034
585,10.94224065,0.00000034
586,15.54004326,0.00000034
587,24.50412473,0.00000037
617,16.13357909,0.00000035
618,16.84387191,0.00000036
588,20.02916795,0.00000037
823,-11.63486742,0.00000034
590,2.09305573,0.00000022
591,2.0386253,0.00000021
592,3.70575587,0.00000024
593,4.97691691,0.00000024
594,2.56543092,0.00000022
595,3.01281995,0.00000021
596,4.436725,0.00000021
597,0.93496424,0.00000023
598,14.93240929,0.00000025
599,7.25410148,0.00000027
600,4.73261782,0.00000029
601,5.78947608,0.00000027
604,12.97973283,0.0000003
605,14.95885452,0.00000032
606,17.94816228,0.00000032
607,18.40176831,0.00000035
608,14.68806335,0.00000035
609,17.94587037,0.00000033
610,19.24478044,0.00000034
611,19.95933301,0.00000034
612,16.26765618,0.00000034
613,17.76062998,0.00000035
614,18.87462026,0.00000035
615,20.81507626,0.00000038
616,20.03025024,0.00000037
653,24.95478278,0.00000039
654,25.93544448,0.00000038
619,27.04100003,0.00000039
655,28.10469441,0.0000004
656,28.00529789,0.0000004
657,26.49228289,0.0000004
658,25.89392789,0.0000004
660,24.96318178,0.00000042
662,27.19226951,0.0000004
663,28.37978847,0.00000039
623,3.31882478,0.00000019
715,3.96984983,0.00000022
624,2.12418934,0.00000023
625,4.03250605,0.00000024
626,8.53869718,0.00000024
627,8.26441029,0.00000025
628,6.58064768,0.00000027
629,4.175476,0.00000029
630,8.1042514,0.00000031
631,12.97575285,0.00000031
632,9.56578197,0.00000031
633,8.40402206,0.00000029
634,10.86394205,0.00000033
635,14.55240401,0.00000031
636,14.0441851,0.00000031
637,15.42940239,0.00000032
638,16.06288258,0.00000032
639,16.25011591,0.00000031
640,17.72458534,0.00000032
729,15.49476718,0.00000032
641,18.94751236,0.00000033
642,19.00879937,0.00000034
643,18.11099434,0.00000034
644,17.9297885,0.00000033
645,19.52024331,0.00000036
646,19.26477425,0.00000037
647,19.89424818,0.00000038
648,18.40562401,0.00000036
649,19.16320488,0.00000039
650,16.04887887,0.00000041
651,21.62594621,0.00000041
652,21.94561972,0.0000004
620,33.99937498,0.00000045
664,27.60295311,0.00000039
665,28.65096608,0.0000004
666,29.308987,0.0000004
667,27.78031606,0.0000004
668,27.58896311,0.0000004
669,28.30374053,0.00000041
670,28.6306693,0.00000042
671,27.60918233,0.0000004
672,27.84549016,0.0000004
673,24.60207511,0.00000042
674,26.29083814,0.00000044
676,33.64094078,0.00000048
677,35.06096059,0.00000049
680,37.83333498,0.00000056
682,35.13960994,0.00000046
683,35.16706695,0.00000046
684,34.93967194,0.00000048
685,34.69424193,0.00000049
686,35.09717091,0.00000048
687,36.00761988,0.00000047
688,36.71415011,0.00000047
689,38.04505796,0.00000047
690,46.78165942,0.00000048
691,41.88846416,0.00000047
692,38.15881511,0.00000048
693,39.03012906,0.0000005
694,45.44888108,0.0000005
621,29.59894701,0.00000069
697,39.91247713,0.00000064
698,33.94822412,0.00000066
699,39.21146079,0.00000068
716,3.49351501,0.00000025
717,1.67850802,0.00000026
718,11.41628878,0.00000027
719,4.37223089,0.00000029
720,4.99865684,0.00000032
721,7.60902561,0.00000035
722,12.96580515,0.00000039
723,10.59558547,0.00000037
724,10.71001498,0.00000043
725,12.68539412,0.00000033
726,16.34858223,0.00000032
727,16.70404624,0.00000031
728,16.69081014,0.00000032
730,16.05867625,0.00000038
731,18.48342234,0.00000035
732,15.93339928,0.00000035
733,24.26065752,0.00000035
734,24.12829528,0.00000037
735,22.31989535,0.00000038
736,21.16324421,0.00000038
737,20.72198408,0.00000038
738,21.97946934,0.00000039
739,26.15482621,0.00000041
740,28.80613839,0.00000043
741,22.25498606,0.00000043
742,24.21841904,0.00000042
743,23.95980396,0.00000041
744,24.31457888,0.00000042
745,27.88469783,0.00000042
746,26.19777569,0.00000043
747,22.48605032,0.00000042
748,28.29360407,0.00000042
749,25.43451198,0.0000004
750,25.43852298,0.0000004
751,25.79266695,0.00000041
752,26.14055042,0.00000039
753,26.1423535,0.00000039
754,26.10059151,0.00000039
755,25.44474154,0.00000039
756,30.55829357,0.0000004
757,26.70782739,0.0000004
758,26.0245483,0.00000041
759,27.89239626,0.0000004
760,28.51257918,0.0000004
761,27.77628789,0.0000004
659,27.6645919,0.00000042
762,25.59131282,0.00000042
763,28.60202789,0.00000042
764,28.82607015,0.00000041
661,27.93639753,0.00000041
765,29.17302345,0.00000041
766,27.61451049,0.0000004
767,26.5821105,0.0000004
768,28.60509066,0.00000039
769,28.55246676,0.00000039
770,31.60439246,0.00000041
771,28.23088803,0.0000004
772,27.94099605,0.0000004
773,28.59546798,0.0000004
774,28.32545523,0.0000004
775,29.34420974,0.00000041
776,28.14020402,0.0000004
777,26.70901405,0.0000004
778,20.83680216,0.00000043
675,27.01787418,0.00000046
779,20.00989132,0.00000045
780,28.72812596,0.00000054
678,35.86002366,0.00000053
782,36.87048355,0.00000055
679,32.86500604,0.00000057
783,32.52829933,0.00000053
785,39.74253839,0.00000047
786,39.37370221,0.00000047
787,37.39062701,0.00000046
788,38.53197288,0.00000046
789,38.04742089,0.00000048
790,37.91678481,0.00000048
791,36.07783449,0.00000047
792,37.25991996,0.00000047
793,43.08618321,0.00000048
794,42.11853229,0.00000048
795,39.66570913,0.00000048
798,31.10755807,0.00000049
799,37.89779613,0.00000052
800,41.49604211,0.00000058
801,46.17708712,0.00000056
803,42.92068816,0.0000006
804,38.74666218,0.00000063
805,39.39370942,0.00000067
700,39.31629063,0.00000074
701,48.18024363,0.00000085
702,36.21822563,0.00000091
703,20.73169463,0.00000096
710,39.82089017,0.00000085
711,31.00719917,0.00000095
814,37.90738317,0.00000094
816,39.37507817,0.00000077
817,35.78604217,0.00000084
818,56.15297917,0.00000088
712,36.66885417,0.00000099
713,47.89852117,0.00000103
822,40.75133217,0.00000101
714,43.32050417,0.00000105
824,6.63315082,0.00000026
825,4.98481576,0.00000033
826,10.68210178,0.00000031
827,-1.54679614,0.00000032
828,-2.99902434,0.00000034
829,11.3153698,0.00000034
830,12.29247489,0.00000032
831,16.8134962,0.00000031
832,15.07016318,0.00000033
833,17.75696414,0.00000035
834,17.91550537,0.00000034
835,23.62718335,0.00000037
836,22.2228756,0.00000038
837,22.17304238,0.00000038
838,26.95022312,0.00000039
839,24.09102423,0.0000004
840,24.8909483,0.00000038
841,24.84918331,0.00000038
842,22.90581936,0.00000038
843,22.34408831,0.00000038
844,23.86649726,0.00000041
845,25.86443017,0.00000044
846,29.04778375,0.00000048
847,26.77585981,0.00000046
848,23.96519597,0.00000044
849,23.66835193,0.00000044
850,23.73951791,0.00000044
851,27.56195301,0.00000043
852,22.8423542,0.00000041
853,25.25120399,0.0000004
854,25.27151801,0.0000004
855,25.75708695,0.0000004
856,25.87902151,0.00000039
857,25.86462752,0.00000039
858,25.38720953,0.00000039
859,26.05655961,0.00000041
860,28.67739297,0.00000041
861,28.26007216,0.00000042
862,27.57364415,0.00000041
863,27.21609772,0.00000042
864,26.11447175,0.00000042
865,27.51385555,0.00000041
866,27.44165445,0.00000041
867,27.55860635,0.00000039
868,27.75394009,0.00000039
869,24.87213652,0.00000042
870,25.47589372,0.00000041
871,27.20565503,0.00000039
872,27.35894998,0.0000004
873,27.76415799,0.0000004
874,27.67207698,0.0000004
875,27.74286605,0.0000004
876,28.92304512,0.00000041
784,39.18903038,0.00000049
878,29.66722338,0.00000068
879,38.02813141,0.00000045
880,37.47773754,0.00000048
881,36.6851747,0.00000048
882,37.2339745,0.00000045
883,36.33702504,0.00000044
884,31.80154796,0.00000046
796,38.32808496,0.00000068
797,36.49502096,0.00000076
885,31.20549122,0.0000005
886,33.25953917,0.00000051
887,35.20183517,0.0000006
813,42.84579217,0.00000107
815,40.16167617,0.00000085
819,46.15883317,0.00000094
820,33.12257917,0.00000099
821,38.65230317,0.00000102
989,-6.44613831,0.00000026
888,4.30872268,0.00000034
889,6.28586875,0.00000034
890,3.68153982,0.00000033
891,5.28855432,0.00000033
892,14.09937847,0.00000033
893,10.90892119,0.00000035
894,10.63038428,0.00000037
895,12.64402568,0.00000036
896,12.23660171,0.00000034
897,11.94663075,0.00000033
898,15.131397,0.00000033
899,17.46270313,0.00000036
900,18.24047243,0.00000035
901,20.16697195,0.00000038
902,20.69644301,0.00000038
903,20.728165,0.00000038
904,18.37176028,0.00000038
905,16.39049827,0.00000038
909,21.39825319,0.00000038
910,19.44382415,0.00000036
911,19.7792863,0.00000037
912,19.5197082,0.00000036
913,17.83591392,0.00000035
914,17.75363932,0.00000036
915,19.33040517,0.00000036
916,21.47650115,0.00000036
917,22.35327827,0.00000038
918,20.28545128,0.00000046
921,19.16657559,0.0000004
959,31.04498834,0.00000038
960,32.80236022,0.00000041
877,30.64376838,0.00000073
961,34.39525529,0.00000042
962,32.86176557,0.00000045
963,33.39759563,0.00000045
964,34.44997271,0.00000045
965,35.47145285,0.00000045
966,37.47097702,0.00000045
967,37.78746912,0.00000046
968,38.81067407,0.00000046
969,42.67774904,0.00000047
970,40.50025895,0.00000058
971,35.52667494,0.00000052
972,34.93830982,0.00000049
973,35.535069,0.00000049
974,36.65049393,0.00000049
975,36.47043082,0.00000049
976,37.2588097,0.00000052
977,41.03766194,0.00000061
986,38.63101617,0.00000075
927,3.87789264,0.00000033
990,0.33569844,0.00000037
928,5.91287464,0.00000033
929,13.21050248,0.00000033
930,14.47997346,0.00000033
931,19.36796471,0.00000036
932,13.42312964,0.00000034
933,10.35698101,0.00000034
934,9.50509871,0.00000034
935,15.41568503,0.00000034
936,15.44588001,0.00000035
937,15.1949529,0.00000034
939,13.66437651,0.00000042
940,17.10712434,0.00000038
906,14.61895427,0.00000061
941,16.59031029,0.00000039
908,23.25983729,0.00000041
943,19.08339408,0.00000038
944,19.83087492,0.00000036
945,19.85444906,0.00000036
946,18.27766185,0.00000036
947,19.07836644,0.00000036
948,18.91046624,0.00000035
949,17.59460555,0.00000035
950,17.72982352,0.00000036
951,18.33399735,0.00000036
952,19.14732774,0.00000048
919,20.63916228,0.0000006
922,19.61489156,0.00000045
956,19.77176414,0.00000041
957,18.25604447,0.00000043
958,19.21479853,0.00000044
923,22.05493955,0.00000055
991,5.63688826,0.00000034
992,9.4849609,0.00000036
993,11.01945696,0.00000034
994,10.86810119,0.00000034
995,11.74725328,0.00000035
996,11.59894315,0.00000034
997,10.92184453,0.00000036
998,11.71669088,0.00000036
999,10.48847493,0.00000039
1002,16.35874454,0.00000036
942,15.67460296,0.00000041
1003,16.09764554,0.00000036
1004,14.82156463,0.00000035
1005,15.82792042,0.00000035
1006,24.5300443,0.00000038
953,22.81152907,0.00000067
954,18.99313707,0.00000045
955,18.4810231,0.00000044
1009,22.10916013,0.00000045
1010,20.661126,0.00000041
1011,20.5916322,0.00000041
1012,26.64232441,0.00000042
1021,26.34902737,0.0000004
1022,26.3753921,0.00000042
1023,24.14029792,0.0000004
1024,27.60239788,0.00000039
1025,27.97050269,0.00000039
1026,28.73630436,0.0000004
1027,28.1320473,0.00000041
1028,28.76034434,0.0000004
1029,30.52925547,0.0000004
1030,32.4891997,0.00000041
1031,33.3728291,0.00000041
1032,31.71951115,0.0000004
1033,31.13339216,0.0000004
1034,28.42827019,0.00000044
1035,32.78144244,0.00000043
1036,32.22278489,0.00000043
1037,33.01439512,0.00000044
1038,32.38168127,0.00000042
1039,34.29200826,0.00000042
1040,34.09801025,0.00000042
1041,28.02553368,0.00000047
1042,30.21977376,0.00000046
1043,32.28827793,0.00000046
1044,34.80868004,0.00000045
1045,37.31710742,0.00000045
1046,39.57023051,0.00000046
1047,41.96954893,0.00000048
1048,48.18974604,0.0000005
1049,34.89297004,0.0000005
1050,34.59647321,0.0000005
1051,37.68956203,0.00000054
1052,37.37249981,0.00000054
1054,36.40505385,0.00000054
1056,37.90290894,0.00000076
980,28.77850318,0.00000102
981,32.67585987,0.00000099
1064,31.00062062,0.00000102
982,34.11104287,0.00000089
1065,35.25259077,0.00000102
983,33.77066384,0.00000087
1069,34.30944314,0.00000088
1070,34.91930766,0.00000088
984,35.22796892,0.00000085
1071,30.76930681,0.00000086
985,36.71290582,0.00000084
1072,34.98158394,0.00000086
1073,35.6213902,0.00000086
1074,40.5500544,0.00000082
1078,44.34120117,0.0000009
1961,-3.8418801,0.00000035
1369,3.44523715,0.00000035
1087,2.19467929,0.00000037
1088,7.43288607,0.00000034
1089,10.41119209,0.00000034
1090,8.45005802,0.00000036
1092,13.57965957,0.00000036
1184,15.16989687,0.00000037
1185,17.96331585,0.00000036
1093,21.56076464,0.00000037
1186,18.7660986,0.00000037
1094,21.8112229,0.00000038
1007,22.6708639,0.00000062
1096,20.80842529,0.00000043
1097,21.80064673,0.00000043
1098,26.52933974,0.00000042
1099,23.56989037,0.00000041
1100,22.31589243,0.00000041
1101,27.99376334,0.00000044
1013,24.68387342,0.00000042
1104,26.94557756,0.00000043
1014,23.56414846,0.00000041
1105,20.4596753,0.00000046
1106,21.75311533,0.00000042
1015,26.13501729,0.0000004
1107,23.47614907,0.00000041
1016,25.8746882,0.0000004
1108,25.35886527,0.0000004
1109,25.37696635,0.00000039
1017,25.81541091,0.0000004
1110,25.5825285,0.00000039
1018,24.70269085,0.00000041
1111,25.79144669,0.0000004
1019,30.62621155,0.00000043
1112,26.73309638,0.00000041
1020,27.07786647,0.00000041
1113,26.93574852,0.0000004
1114,26.37821445,0.0000004
1115,24.05429799,0.0000004
1116,23.27529597,0.0000004
1117,28.00877894,0.00000039
1118,28.47899227,0.00000039
1119,28.82405029,0.0000004
1120,28.77093627,0.0000004
1121,29.49670424,0.00000041
1122,28.77277628,0.00000041
1123,30.31615549,0.0000004
1124,33.61624306,0.00000041
1125,34.08082109,0.00000041
1126,31.96304813,0.0000004
1127,30.96044812,0.0000004
1128,28.24206216,0.00000043
1129,28.35323018,0.00000045
1130,31.8669773,0.00000043
1131,31.51296114,0.00000042
1132,32.14077508,0.00000043
1133,31.41275257,0.00000045
1134,34.08914625,0.00000042
1135,33.82970321,0.00000042
1136,34.96584219,0.00000043
1137,35.98883508,0.00000044
1138,34.351075,0.00000044
1139,32.40215998,0.00000045
1140,32.69881393,0.00000045
1141,36.92572316,0.00000046
1053,36.17408171,0.00000056
1142,33.22796232,0.00000057
1055,34.40810716,0.00000059
1143,35.14699537,0.00000061
1057,34.08837537,0.00000078
1063,33.16101362,0.00000124
1146,33.22361662,0.00000117
1147,33.74955762,0.0000011
1066,29.01811519,0.00000097
1067,31.85814736,0.00000093
1149,32.45221905,0.00000095
1068,33.20536703,0.0000009
1150,33.74140875,0.00000094
1151,34.46889077,0.00000092
1152,35.04240091,0.0000009
1153,34.64245589,0.00000087
1154,39.37880965,0.00000084
1075,39.04266805,0.00000086
1155,39.42429071,0.00000085
1076,39.43720282,0.00000088
1156,39.74655054,0.00000086
1079,38.05537617,0.00000097
1086,6.31545929,0.00000061
1170,6.50277809,0.00000038
1171,6.26346363,0.00000039
1172,10.0533235,0.00000039
1173,8.23654421,0.00000036
1174,8.99857519,0.00000038
1175,5.44638421,0.00000038
1176,6.37553634,0.00000037
1177,6.39176053,0.00000037
1178,9.13492696,0.00000036
1179,9.96259801,0.00000035
1180,10.73366701,0.00000037
1091,6.5359634,0.0000004
1181,11.8451549,0.00000037
1182,14.82596112,0.00000037
1183,14.75007492,0.00000038
1187,18.05054255,0.00000038
1188,14.52804728,0.00000039
1189,15.61426484,0.0000004
1190,20.9261848,0.00000038
1095,22.68418613,0.00000042
1191,23.58920745,0.00000043
1192,24.44773362,0.00000049
1194,23.07707216,0.0000004
1102,29.75346232,0.00000047
1103,31.39064531,0.00000052
1196,24.61272129,0.00000044
1197,23.55288807,0.00000041
1198,22.7062018,0.00000042
1199,24.20128622,0.0000004
1200,25.67291742,0.00000039
1201,28.16737968,0.00000039
1202,24.85608806,0.00000039
1203,28.55625911,0.00000039
1204,29.86387323,0.00000039
1205,29.53639598,0.00000039
1206,30.1729941,0.0000004
1207,30.22082909,0.00000042
1208,31.53014504,0.00000043
1210,33.60403197,0.00000058
1211,34.72931377,0.00000062
1212,32.67841197,0.00000065
1144,33.6022581,0.00000068
1213,31.99878403,0.00000072
1148,27.15362305,0.00000105
1215,42.11310564,0.00000089
1216,42.80294264,0.00000087
1226,2.71922722,0.00000036
1227,3.87281635,0.00000037
1228,8.93938466,0.00000038
1229,6.00547563,0.00000038
1230,5.16560866,0.00000037
1231,6.1542975,0.00000037
1232,7.88577121,0.00000035
1233,7.12226734,0.00000035
1234,7.92310769,0.00000036
1235,6.86912122,0.00000037
1236,9.98676111,0.00000036
1237,10.59990619,0.00000036
1238,15.19669384,0.00000037
1239,15.11229391,0.00000038
1240,13.6135638,0.0000004
1241,13.74167633,0.00000041
1242,17.29506906,0.00000038
1243,16.90585846,0.00000041
1244,18.27542143,0.00000041
1245,19.63809075,0.0000004
1246,12.98230814,0.00000042
1247,18.79875973,0.00000039
1248,18.46418688,0.00000038
1249,18.55901033,0.00000039
1250,17.75763751,0.00000038
1251,14.37968672,0.00000038
1252,15.37164273,0.00000039
1253,20.91998278,0.00000039
1254,19.89643478,0.0000004
1255,16.11378479,0.00000042
1256,13.37659781,0.00000043
1257,20.16094987,0.00000041
1258,21.63808303,0.00000039
1260,22.22800314,0.00000039
1193,25.50674678,0.00000051
1261,21.96210916,0.00000038
1262,26.11613327,0.00000038
1263,25.79900623,0.00000038
1264,26.89801834,0.00000038
1265,25.67631909,0.0000004
1266,26.62842211,0.00000039
1267,24.25360296,0.00000039
1268,27.77369669,0.00000039
1269,28.2820767,0.0000004
1270,27.23268405,0.00000041
1271,25.38484621,0.00000043
1272,26.71739699,0.00000042
1273,32.97755911,0.00000041
1209,32.49417304,0.00000051
1280,3.80824071,0.00000035
1370,4.179468,0.00000036
1371,5.05236017,0.00000037
1372,3.51313,0.00000037
1281,7.85982311,0.00000039
1282,6.87005208,0.00000036
1283,9.64058709,0.00000036
1284,9.84317109,0.00000036
1285,17.74620093,0.0000004
1286,17.99103898,0.00000044
1292,23.50307977,0.00000037
1396,13.50522363,0.00000039
1259,18.91843108,0.00000043
1293,22.16105944,0.00000041
1297,22.83010203,0.00000039
1298,22.39161121,0.00000039
1299,23.27969707,0.00000041
1300,23.60414708,0.00000039
1301,20.87611903,0.00000039
1302,25.06922231,0.00000039
1303,24.22758534,0.00000039
1304,26.09348337,0.00000039
1305,26.84079681,0.00000038
1306,26.4741141,0.00000038
1307,28.16706123,0.00000039
1308,28.48840161,0.0000004
1309,29.05566788,0.0000004
1310,29.40902429,0.0000004
1311,29.78200403,0.00000042
1313,22.8202438,0.00000048
1314,31.28655992,0.00000046
1315,27.71627993,0.00000046
1316,27.87068693,0.00000046
1317,33.31248089,0.00000048
1274,35.73596596,0.00000049
1319,27.39227143,0.00000047
1322,32.52281613,0.00000043
1323,31.26394111,0.00000043
1324,30.84927009,0.00000043
1275,32.55032523,0.00000057
1325,40.12059841,0.00000051
1276,28.39038952,0.00000086
1327,30.16643952,0.00000082
1328,32.55660052,0.00000078
1331,32.98767852,0.00000097
1373,3.97582978,0.00000037
1375,5.0383585,0.00000044
1376,3.9886734,0.00000044
1377,6.75781357,0.00000045
1380,8.40418508,0.00000041
1381,11.30589807,0.0000004
1382,9.86076904,0.00000039
1383,8.37773531,0.00000041
1397,22.99618393,0.00000038
1398,14.66600862,0.0000004
1401,22.09113068,0.00000039
1402,21.7703758,0.00000038
1403,22.51466399,0.00000039
1404,24.37962001,0.0000004
1405,24.55104016,0.00000039
1406,24.34298346,0.0000004
1407,24.39589648,0.0000004
1408,19.75818336,0.00000041
1409,19.79941535,0.00000042
1410,18.0107485,0.00000042
1412,27.86778753,0.0000004
1413,25.69166919,0.0000004
1414,24.6384551,0.0000004
1415,26.84214405,0.00000038
1416,26.91412897,0.00000038
1417,27.75042523,0.00000038
1418,28.30989931,0.00000039
1419,28.14234445,0.00000039
1420,31.70002466,0.0000004
1421,30.30315464,0.00000041
1422,30.91355115,0.00000042
1423,26.91832193,0.00000044
1312,20.73457165,0.00000068
1425,23.36359265,0.00000049
1426,17.62393354,0.00000061
1428,31.52010191,0.0000005
1429,27.90994691,0.00000046
1430,27.0581409,0.00000047
1431,28.41396099,0.00000047
1318,32.3951738,0.00000048
1432,27.90655051,0.00000048
1433,28.9152125,0.00000047
1320,30.96907948,0.00000051
1434,29.57834348,0.00000047
1321,30.10411748,0.00000052
1435,31.30714148,0.0000005
1436,30.55711648,0.00000052
1437,29.52208815,0.00000043
1438,29.53158108,0.00000044
1439,24.64417138,0.00000044
1440,31.58421908,0.00000043
1441,32.03984604,0.00000045
1442,30.84989502,0.00000047
1326,38.7449404,0.00000054
1446,33.6155164,0.00000056
1447,32.4756834,0.00000058
1448,31.25351138,0.00000053
1329,33.34439852,0.00000073
1449,34.34729452,0.00000053
1332,36.38142056,0.00000059
1450,33.15863659,0.00000052
1333,35.47508459,0.00000072
1334,31.8879216,0.00000059
1451,33.1465726,0.00000054
1335,34.71112661,0.00000062
1452,33.91347061,0.00000059
1336,32.49504961,0.00000081
1337,33.62236461,0.00000081
1453,33.76390961,0.00000078
1454,33.93964861,0.00000079
1339,38.60389361,0.00000092
1455,38.43198661,0.00000085
1486,2.04421901,0.00000037
1487,2.20510197,0.00000038
1488,4.09424625,0.00000036
1489,3.76257838,0.00000035
1490,3.27417934,0.00000037
1491,3.22835614,0.00000037
1492,3.85651835,0.00000037
1374,5.62233558,0.00000047
1493,4.06976644,0.00000038
1494,5.34133412,0.00000045
1496,6.05774653,0.0000005
1497,3.58834151,0.00000049
1498,2.0840945,0.00000048
1499,4.63947878,0.00000052
1500,7.8116071,0.0000004
1501,6.76206851,0.00000041
1502,6.18513044,0.00000042
1388,20.1678243,0.00000066
1389,19.5506793,0.00000058
1390,19.0750183,0.00000057
1505,22.1906323,0.00000048
1393,17.68623036,0.00000046
1394,16.92174058,0.00000044
1506,17.98533195,0.00000045
1395,15.27030963,0.00000041
1507,15.57710186,0.00000044
1508,12.46131924,0.00000042
1509,14.35592192,0.00000041
1510,14.42200413,0.00000042
1511,17.21568997,0.0000004
1512,17.74898602,0.00000039
1513,18.46948208,0.00000039
1514,19.65477513,0.0000004
1515,22.23869378,0.00000039
1516,21.33063177,0.00000038
1517,22.16391069,0.00000039
1518,25.03752428,0.00000039
1399,21.18518961,0.00000041
1519,22.77866361,0.00000039
1400,26.17399663,0.00000039
1520,23.12644959,0.00000039
1521,21.68137557,0.00000041
1522,20.86802654,0.0000004
1523,21.9998436,0.00000041
1524,23.16441191,0.00000041
1525,24.2727236,0.00000039
1526,24.45141412,0.00000041
1527,23.91123868,0.00000041
1528,23.4366298,0.0000004
1529,21.68295184,0.00000039
1530,21.63633989,0.00000039
1531,23.28795805,0.0000004
1532,24.39921922,0.00000039
1533,24.55111229,0.0000004
1534,25.02653544,0.0000004
1535,26.20790944,0.00000041
1536,18.61179021,0.00000041
1537,17.08581389,0.00000042
1538,26.46991483,0.00000038
1539,26.79437056,0.00000038
1540,27.1088264,0.00000038
1541,28.35252726,0.0000004
1542,30.60482593,0.0000004
1543,30.15130796,0.0000004
1544,28.23358265,0.00000043
1424,26.60738262,0.00000052
1545,24.88905358,0.00000044
1427,22.12573854,0.00000075
1547,13.67391427,0.00000063
1548,18.24138417,0.0000006
1549,26.47919069,0.00000047
1550,24.84398449,0.00000052
1551,31.45030649,0.0000005
1552,29.02329253,0.00000043
1553,29.28995084,0.00000043
1554,26.86098879,0.00000045
1555,30.13438697,0.00000044
1443,29.97509002,0.00000064
1556,29.56299499,0.00000047
1557,26.45263015,0.00000054
1558,30.77353361,0.00000051
1559,31.46282261,0.00000051
1560,30.76987761,0.00000074
1561,31.88518861,0.00000077
1562,32.25485161,0.00000079
1566,2.25418911,0.00000037
1567,0.99780374,0.00000037
1568,1.86971237,0.00000037
1569,0.82017645,0.00000037
1570,2.20434157,0.00000037
1571,2.90247154,0.00000041
1576,6.37552498,0.00000044
1577,9.44616082,0.00000041
1503,3.47126395,0.00000044
1578,3.9509425,0.00000043
1579,3.48949938,0.00000043
1580,5.12487757,0.00000044
1581,5.17224088,0.00000044
1583,8.36837658,0.00000048
1584,7.81762949,0.00000046
1585,15.05105573,0.00000045
1586,12.00309571,0.00000044
1587,16.88431601,0.00000039
1588,17.24103412,0.00000039
1589,18.03241203,0.00000039
1590,21.53556391,0.00000038
1591,21.01202304,0.00000039
1592,20.24154647,0.00000039
1593,24.07011589,0.00000039
1594,20.90702255,0.0000004
1595,20.1628898,0.00000039
1596,21.2239337,0.00000039
1597,20.6502766,0.00000039
1598,21.37457654,0.00000039
1599,22.90374943,0.00000038
1600,23.25000741,0.00000039
1601,24.78563922,0.0000004
1602,24.42995907,0.00000041
1603,24.47375186,0.0000004
1604,21.1676119,0.00000041
1605,21.37620801,0.00000041
1606,23.94922421,0.0000004
1607,24.74615831,0.00000041
1608,23.8014673,0.0000004
1609,14.6383737,0.00000041
1610,25.32706047,0.00000038
1611,25.58662919,0.00000038
1612,25.57447106,0.00000038
1613,26.88341308,0.00000038
1614,26.84438414,0.00000038
1615,26.62166223,0.00000038
1616,26.30630022,0.00000039
1617,26.95554207,0.00000038
1618,27.00654109,0.00000039
1619,27.65063418,0.0000004
1620,27.75231723,0.00000039
1621,27.05560826,0.0000004
1546,11.10748426,0.00000067
1622,10.32895624,0.00000065
1623,30.63305673,0.00000042
1680,31.71991967,0.00000041
1624,1.30867182,0.00000036
1625,6.65813581,0.00000038
1626,4.18138556,0.00000037
1627,0.18227054,0.00000037
1572,3.91708154,0.00000054
1573,3.06801954,0.00000068
1628,6.17259311,0.00000044
1629,7.24483707,0.00000044
1630,10.28697004,0.00000043
1631,8.26727219,0.00000042
1632,4.41136334,0.00000043
1633,6.12921117,0.00000043
1634,6.30757907,0.00000044
1635,6.41875897,0.00000048
1637,9.37372453,0.00000046
1638,9.52447816,0.00000044
1639,9.87099698,0.00000045
1641,16.75768579,0.00000049
1643,17.8154768,0.00000039
1644,17.0604529,0.0000004
1645,19.52535795,0.0000004
1646,19.294446,0.00000039
1647,17.6861641,0.00000039
1648,22.00437607,0.00000039
1649,22.31970903,0.00000039
1650,19.15659549,0.00000039
1651,20.62675952,0.00000039
1652,21.24391243,0.00000039
1653,20.68114409,0.0000004
1654,24.18408966,0.0000004
1655,22.89124687,0.00000039
1656,21.21519888,0.00000042
1657,23.15965391,0.00000042
1658,20.70804246,0.00000041
1659,23.03547632,0.00000042
1660,22.42269216,0.00000041
1661,23.23304715,0.00000041
1662,12.80566647,0.00000041
1663,25.11689159,0.00000039
1664,25.59915965,0.00000038
1665,25.46552687,0.00000038
1666,24.582766,0.00000039
1667,27.10366621,0.00000039
1668,26.39104107,0.00000038
1669,26.27758508,0.00000038
1670,26.10796604,0.00000038
1671,27.36358874,0.00000038
1672,26.72078499,0.00000038
1673,26.64434104,0.00000038
1674,28.1607792,0.00000039
1675,26.89112923,0.00000039
1676,26.72642924,0.00000039
1681,32.33501269,0.00000044
1683,28.36648873,0.00000045
1684,31.99016979,0.00000044
1685,34.15984529,0.00000045
1686,32.20285873,0.00000046
1687,32.77219575,0.00000044
1688,32.23108061,0.00000044
1689,32.8268869,0.00000046
1690,33.67558096,0.00000046
1691,31.91646806,0.00000046
1692,31.53444212,0.00000046
1693,29.98649577,0.00000047
1694,36.43842372,0.00000049
1695,31.98295277,0.00000051
1706,2.21650815,0.00000035
1800,3.63891028,0.00000036
1707,1.98403098,0.00000036
1708,1.91669409,0.00000036
1709,2.3541135,0.00000038
1710,-1.40858262,0.00000038
1711,-2.30484878,0.00000039
1712,0.37363032,0.00000039
1713,2.20936257,0.00000043
1715,4.65538409,0.00000053
1716,5.62345106,0.00000047
1717,6.82152006,0.00000046
1718,8.94931096,0.00000043
1719,9.29030002,0.00000044
1720,9.40291392,0.00000045
1721,14.62392784,0.0000004
1722,17.10135995,0.00000038
1723,21.86804509,0.00000039
1724,18.08599526,0.0000004
1725,19.61581659,0.00000039
1726,22.87850268,0.00000038
1727,21.45225263,0.00000039
1728,21.11577488,0.00000053
1729,22.21082831,0.00000046
1730,14.66030961,0.00000045
1731,21.22440106,0.00000042
1732,22.30691515,0.00000042
1733,22.25283713,0.00000042
1734,22.27068912,0.00000043
1735,21.15238026,0.00000042
1736,23.23360564,0.00000039
1737,22.57819174,0.00000039
1738,24.36985184,0.00000038
1739,25.32985986,0.00000038
1740,26.59552401,0.00000038
1741,25.44360404,0.00000039
1742,24.94394718,0.00000038
1743,26.06072526,0.00000039
1744,27.0503535,0.00000039
1745,25.5544033,0.00000039
1677,26.56644125,0.00000041
1746,26.35305406,0.0000004
1747,26.63785328,0.00000039
1678,25.62272724,0.00000043
1748,25.40266025,0.00000041
1679,22.92466722,0.00000042
1749,27.52906591,0.00000041
1750,27.33733789,0.00000042
1751,27.99902287,0.00000043
1753,32.46605737,0.00000044
1754,28.51711507,0.00000043
1755,28.27669782,0.00000043
1757,29.75250835,0.00000046
1758,29.17403793,0.00000043
1759,28.97725063,0.00000042
1760,31.07049964,0.00000043
1761,29.95690968,0.00000043
1682,31.5673487,0.00000045
1762,27.60407475,0.00000044
1763,28.83667769,0.00000044
1764,31.51918267,0.00000044
1765,33.34965312,0.00000045
1767,32.90920992,0.00000044
1768,31.71270615,0.00000045
1769,30.11553501,0.00000046
1770,34.05909301,0.00000046
1771,32.64274105,0.00000046
1772,32.41069605,0.00000046
1773,33.09088809,0.00000047
1774,30.79604161,0.00000047
1696,27.75764882,0.00000056
1776,30.23238877,0.00000055
1697,24.60022982,0.00000067
1777,29.35305093,0.00000057
1698,29.38825582,0.00000076
1801,3.50491836,0.00000037
1802,3.36769327,0.00000038
1803,2.55836331,0.00000036
1804,2.18334336,0.00000036
1805,2.11295318,0.00000036
1806,2.22934189,0.00000037
1807,0.8241353,0.00000038
1808,0.19168328,0.00000038
1809,1.55126924,0.0000004
1810,0.06848719,0.00000041
1714,7.49897238,0.00000053
1815,8.83103646,0.0000005
1816,11.67367025,0.00000046
1817,13.09090545,0.0000005
1818,11.6145308,0.00000044
1819,10.03289081,0.00000043
1820,9.0812708,0.00000043
1821,11.65562185,0.00000042
1822,12.18863288,0.00000044
1823,12.31459791,0.00000048
1826,21.89098804,0.00000041
1827,21.11827409,0.00000041
1828,18.5816651,0.0000004
1829,19.39993219,0.0000004
1830,20.92965605,0.00000039
1831,22.36832347,0.00000039
1832,21.38321255,0.00000039
1833,20.93029067,0.00000039
1834,21.50712179,0.00000038
1835,21.90463101,0.00000039
1837,22.90140038,0.00000048
1838,24.25003076,0.0000005
1839,20.40315284,0.00000045
1840,22.08266626,0.00000058
1842,22.46563956,0.00000045
1843,21.70853176,0.00000044
1844,23.71659465,0.0000004
1845,23.29594367,0.00000039
1846,23.74403583,0.00000039
1847,24.80675894,0.00000039
1848,26.36670786,0.00000038
1849,25.93088301,0.00000038
1850,26.18058108,0.00000039
1851,26.08026717,0.00000039
1852,26.4460782,0.00000039
1853,26.77317094,0.00000039
1854,26.77739237,0.00000039
1855,25.56451945,0.0000004
1856,26.41869153,0.00000039
1857,26.64241342,0.0000004
1858,28.19369375,0.00000041
1859,28.65569485,0.00000042
1860,27.94676287,0.00000042
1861,28.44157686,0.00000042
1862,28.3591255,0.00000049
1752,28.05435731,0.00000051
1863,31.94667365,0.00000048
1864,28.58989537,0.00000043
1865,28.34964869,0.00000043
1756,31.14279935,0.00000048
1866,30.27244736,0.00000048
1867,29.29727129,0.00000047
1868,28.95768078,0.00000043
1869,29.20861949,0.00000042
1870,29.3446686,0.00000042
1871,25.97860965,0.00000044
1872,28.75813677,0.00000046
1873,28.13072086,0.00000044
1874,30.13409935,0.00000044
1875,33.40616518,0.00000045
1766,31.84109117,0.00000065
1876,32.56048217,0.00000046
1877,33.56348302,0.00000045
1878,31.56118205,0.00000045
1879,29.50381805,0.00000045
1880,33.48454491,0.00000046
1881,28.72298369,0.00000049
1882,28.5519926,0.00000052
1775,26.43510464,0.00000057
1883,31.13349755,0.00000054
1884,29.39494911,0.00000057
1907,5.11093696,0.00000036
1908,4.70919219,0.00000037
1909,5.0757143,0.00000039
1910,2.23154937,0.00000038
1911,0.47980441,0.00000038
1912,-0.31983752,0.00000037
1913,0.35281362,0.00000039
1914,2.54007333,0.00000038
1915,2.69319911,0.00000038
1916,2.64044312,0.00000038
1917,11.8880615,0.00000041
1811,2.82596945,0.00000054
1812,5.5773254,0.00000048
1813,7.00571928,0.00000046
1918,12.23869069,0.00000044
1919,15.49755055,0.00000047
1922,12.35920646,0.0000007
1928,5.52737169,0.0000005
1929,6.11841884,0.00000044
1930,8.71934478,0.00000043
1931,10.11666075,0.00000043
1932,10.66832183,0.00000047
1825,23.21995904,0.00000053
1936,29.70243299,0.00000044
1937,22.19816392,0.00000041
1938,23.01145355,0.00000043
1941,16.25285614,0.00000043
1942,18.72920328,0.0000004
1943,20.33112854,0.0000004
1944,20.44129248,0.0000004
1945,19.23941543,0.0000004
1946,20.41935136,0.00000039
1947,21.87420168,0.00000038
1948,22.46317569,0.00000039
1949,21.85987198,0.00000039
1836,24.65433417,0.00000042
1950,20.98811462,0.0000004
1841,22.27741054,0.0000005
1951,24.6460785,0.00000038
1952,24.76216621,0.00000038
1953,24.85072816,0.00000038
1954,24.82603186,0.00000039
1955,23.19806031,0.0000004
1956,25.86537866,0.00000039
1957,26.37820398,0.0000004
1958,19.98334442,0.00000041
1959,24.66319383,0.00000041
1960,27.61294273,0.0000004
2030,30.74795352,0.00000041
2031,30.49098054,0.00000041
2032,30.30475555,0.00000043
2033,29.47235958,0.00000045
2036,29.61644516,0.00000047
2037,34.4100973,0.00000045
2038,36.45173413,0.00000045
2039,33.22160721,0.00000044
2040,32.92019192,0.00000045
2041,32.66889588,0.00000046
2042,34.49495068,0.00000048
2043,31.2310559,0.00000048
2044,28.28929675,0.00000049
2045,25.54620596,0.0000005
1885,25.16428311,0.00000074
1962,1.95580855,0.00000039
2063,-4.49936421,0.00000037
2064,0.26872099,0.00000037
1963,-3.281584,0.00000045
1964,-2.21976714,0.00000041
1965,1.29207099,0.00000038
1966,2.23928093,0.00000038
1967,2.32990901,0.00000038
1968,6.57839389,0.0000004
1969,11.4165657,0.00000041
1970,10.38454561,0.00000042
1971,8.83018148,0.00000043
1972,8.8857533,0.00000048
1921,11.63975346,0.00000076
1982,7.62557943,0.00000045
1983,5.05867263,0.00000045
1984,7.34625072,0.00000044
1985,10.53904853,0.00000044
1933,9.24928583,0.00000058
1935,14.89681624,0.00000052
1987,15.96987743,0.00000046
1988,24.373699,0.00000042
1989,20.63830601,0.00000041
1990,20.71178899,0.0000004
1939,25.01715262,0.0000005
1991,21.11393773,0.00000041
1993,20.19382555,0.00000041
1994,20.23761236,0.0000004
1995,20.93011832,0.0000004
1996,22.43083799,0.0000004
1997,19.03902327,0.0000004
1998,21.49249313,0.0000004
1999,22.5667959,0.00000039
2000,23.66871156,0.00000039
2001,22.92571436,0.00000039
2002,22.29047375,0.0000004
2003,22.34250171,0.00000041
2004,24.71062056,0.00000044
2005,21.70058539,0.00000042
2006,20.11946054,0.00000041
2007,15.94787737,0.00000041
2008,20.61279974,0.00000042
2009,23.01491592,0.00000041
2010,23.48152008,0.00000041
2011,23.89113974,0.0000004
2012,23.46563514,0.00000038
2013,23.01896373,0.00000039
2014,25.44627284,0.00000039
2015,24.77909008,0.00000039
2016,27.74292949,0.0000004
2017,25.77991182,0.00000039
2018,25.15867887,0.00000039
2019,23.82964635,0.00000039
2020,27.1350909,0.0000004
2021,26.48266386,0.0000004
2022,22.60747051,0.0000004
2023,19.84514523,0.00000042
2024,24.89976693,0.00000042
2025,27.52226166,0.00000041
2026,35.13516591,0.00000042
2027,30.04313715,0.00000041
2028,29.53345321,0.00000041
2029,29.96986336,0.00000042
2065,12.63753785,0.0000004
2066,13.93650176,0.00000042
2067,13.04937157,0.00000043
2068,6.82604969,0.00000046
2069,8.19776283,0.00000043
2070,8.66223977,0.00000044
1980,4.15427846,0.00000051
1981,6.27728556,0.00000049
2077,11.08043082,0.00000048
2078,10.68313586,0.00000046
1986,15.54334237,0.00000045
2080,16.54200418,0.0000004
2081,18.51101931,0.00000041
1992,21.81737766,0.00000042
2082,19.82410741,0.00000041
2083,20.43764901,0.00000041
2084,19.26068524,0.0000004
2085,22.27945719,0.00000039
2086,22.04278392,0.0000004
2087,22.17043582,0.00000041
2088,23.14199178,0.00000042
2089,19.67264011,0.00000046
2090,21.05060302,0.00000045
2091,22.41160503,0.00000049
2092,20.63222984,0.00000043
2093,20.91228093,0.00000042
2094,20.61941095,0.00000042
2095,19.09617106,0.00000041
2096,19.20510522,0.00000042
2097,20.80743806,0.00000041
2098,21.98088002,0.00000041
2099,21.04036036,0.0000004
2100,20.6613134,0.00000039
2101,21.87212636,0.00000038
2102,22.06648595,0.00000039
2103,25.14322284,0.00000039
2104,25.65750471,0.00000039
2105,24.12886666,0.0000004
2106,19.42823393,0.00000042
2107,26.12398688,0.00000041
2108,25.8586729,0.00000039
2109,24.10164736,0.00000039
2110,30.30016275,0.00000041
2111,30.12634311,0.00000041
2112,29.80228919,0.00000041
2113,29.54438632,0.00000041
2114,29.84938759,0.00000041
2115,30.41821756,0.00000041
2116,31.40309351,0.00000043
2117,31.36175154,0.00000045
2118,33.7018027,0.00000046
2119,32.12806126,0.00000046
2120,34.87787154,0.00000045
2121,38.75892728,0.00000045
2122,34.98705837,0.00000045
2123,34.12790044,0.00000045
2124,34.64427826,0.00000046
2125,32.90463301,0.00000048
2126,31.90570511,0.00000049
2046,34.77561092,0.00000056
2127,30.90816915,0.0000005
2128,34.08627398,0.00000053
2129,36.76943293,0.00000055
2130,33.97903581,0.00000055
2047,32.28450381,0.0000006
2048,29.63894881,0.00000058
2049,27.04948997,0.00000065
2131,32.20260645,0.00000056
2132,31.71402517,0.00000056
2276,1.47845511,0.00000039
2663,0.04156775,0.00000042
2809,-1.58599937,0.00000042
2157,5.33532384,0.0000004
2236,9.61570438,0.00000041
2158,5.99836474,0.00000042
2159,12.42399688,0.00000042
2075,21.16982155,0.00000045
2076,20.13924755,0.00000047
2164,15.68923873,0.00000044
2165,16.1460319,0.00000043
2166,19.87498709,0.00000043
2167,22.10351894,0.00000042
2168,10.1456959,0.00000044
2169,9.01695387,0.00000044
2172,17.60832327,0.0000004
2173,16.07366806,0.00000041
2174,16.90307416,0.00000043
2176,17.44281023,0.00000042
2177,19.71232925,0.00000041
2178,21.27187919,0.00000042
2179,16.73381394,0.00000042
2181,23.31434462,0.00000042
2182,22.10331474,0.00000042
2183,22.16069283,0.00000041
2184,21.75977489,0.00000043
2185,21.03191284,0.00000044
2186,21.74614043,0.00000046
2187,19.27162087,0.00000042
2188,18.78789087,0.00000042
2189,18.71919275,0.00000043
2191,21.23520418,0.00000043
2192,21.46411452,0.00000041
2193,21.90082746,0.00000039
2194,22.00604245,0.00000039
2195,21.3489767,0.0000004
2196,23.59468389,0.00000039
2197,23.4536519,0.00000039
2198,23.27860105,0.00000041
2199,24.89789159,0.00000041
2200,24.42067062,0.0000004
2201,23.77630642,0.00000041
2202,25.6612788,0.00000039
2203,25.64797967,0.00000039
2204,25.03668453,0.0000004
2205,28.35555506,0.00000041
2206,28.28242527,0.0000004
2207,29.25040102,0.00000041
2208,29.92064414,0.00000041
2209,31.54376033,0.00000042
2210,29.64281647,0.00000047
2211,32.48059508,0.00000046
2212,33.35962392,0.0000005
2213,34.07714484,0.00000046
2214,36.17833547,0.00000046
2215,34.47974444,0.00000046
2216,36.42085806,0.0000005
2217,33.78588599,0.0000005
2218,33.08910263,0.00000052
2219,36.03281292,0.00000053
2220,34.87395108,0.00000054
2133,30.84215327,0.00000057
2221,34.43838422,0.00000056
2134,28.84861536,0.00000061
2222,33.25465931,0.00000056
2223,32.8117793,0.00000058
2135,28.51336668,0.00000064
2224,27.85175944,0.00000063
2237,6.13807261,0.00000042
2238,7.53734485,0.00000042
2160,11.85254612,0.00000043
2239,11.54211873,0.00000042
2240,12.52230075,0.00000041
2161,11.97493531,0.00000046
2241,12.34451051,0.00000042
2163,15.5804947,0.00000045
2242,15.2016008,0.00000043
2243,15.97848488,0.00000043
2244,15.78458702,0.00000042
2245,16.42601889,0.00000043
2246,15.17326802,0.00000041
2170,11.31134468,0.00000045
2171,17.61270451,0.00000041
2247,16.52837015,0.00000041
2248,16.54659121,0.0000004
2249,17.3650816,0.0000004
2250,17.50620186,0.0000004
2251,18.23042084,0.0000004
2252,16.42312988,0.00000041
2253,16.7012589,0.00000042
2254,18.76347226,0.00000041
2255,19.98668222,0.00000043
2256,18.12546615,0.00000042
2257,22.57776751,0.00000041
2258,20.07309993,0.00000042
2180,19.91750383,0.00000043
2259,16.48664075,0.00000042
2260,20.61193581,0.00000043
2261,21.02551684,0.00000043
2262,25.36936942,0.00000044
2263,24.76566001,0.00000045
2266,19.22224069,0.00000039
2267,21.95843164,0.00000039
2268,21.60785662,0.00000039
2269,21.99358289,0.0000004
2270,23.9775729,0.00000039
2271,24.51195987,0.00000039
2272,25.65363364,0.0000004
2273,25.51876669,0.00000039
2319,28.89041645,0.00000042
2320,28.61704903,0.00000041
2321,27.69132675,0.00000041
2322,30.03397144,0.00000041
2323,32.17164693,0.00000041
2324,31.59166714,0.00000042
2325,30.42049026,0.00000043
2326,26.22812788,0.00000045
2327,33.58738272,0.00000046
2274,37.37737177,0.00000054
2275,35.00177244,0.00000058
2225,33.54948244,0.00000076
2226,34.42379044,0.00000083
2227,33.86086744,0.0000009
2277,1.87282134,0.0000004
2278,9.47323568,0.00000041
2279,11.50482767,0.00000043
2281,11.08809671,0.00000048
2282,12.7842499,0.00000044
2283,13.43677884,0.00000042
2284,14.09452248,0.00000041
2285,16.8034029,0.0000004
2341,14.05614267,0.00000041
2286,18.16183378,0.0000004
2287,18.15862879,0.0000004
2288,18.58383485,0.0000004
2289,16.95739087,0.0000004
2290,16.09807787,0.0000004
2291,16.26770685,0.0000004
2292,20.37060254,0.00000041
2293,19.74123231,0.00000041
2294,20.23751121,0.0000004
2295,19.30660726,0.00000042
2296,16.8770014,0.00000041
2297,19.72156374,0.00000043
2298,20.70430879,0.00000043
2299,22.48003115,0.00000043
2300,20.42637895,0.00000045
2302,18.88169772,0.00000042
2303,20.35431665,0.00000041
2304,19.96387551,0.00000041
2305,19.74250356,0.0000004
2306,21.22295371,0.0000004
2307,22.52731575,0.00000039
2308,23.06060383,0.00000039
2309,22.50866589,0.00000039
2310,24.39169307,0.00000039
2311,22.56672011,0.0000004
2312,19.74688406,0.0000004
2313,25.76590586,0.00000041
2314,24.78560959,0.00000045
2316,24.51128214,0.00000046
2317,23.73619996,0.00000045
2318,28.36217587,0.00000044
2420,5.76137798,0.00000044
2421,5.01501496,0.00000042
2422,5.36140618,0.00000043
2423,7.10764126,0.00000046
2424,18.56565536,0.00000042
2334,13.83079577,0.00000043
2425,12.75433089,0.00000042
2335,8.31526437,0.00000045
2336,10.34216313,0.00000046
2337,13.68568199,0.00000044
2338,12.40132208,0.00000043
2339,14.44162052,0.00000043
2340,14.41535362,0.00000042
2343,17.00714192,0.00000039
2344,18.1073151,0.0000004
2345,21.89126622,0.00000043
2346,19.59276646,0.00000042
2347,21.79925219,0.00000043
2301,18.50072699,0.00000044
2348,19.94264352,0.00000043
2349,18.49404134,0.00000044
2350,17.35933327,0.00000043
2351,18.28382403,0.0000004
2352,19.81389021,0.00000039
2353,23.43358685,0.00000039
2354,21.76347883,0.00000039
2355,22.44906892,0.00000039
2356,22.38994387,0.0000004
2357,21.88102679,0.0000004
2358,23.77776235,0.0000004
2359,22.90948219,0.00000039
2360,21.12720594,0.0000004
2361,25.19040874,0.00000043
2362,26.5532872,0.00000043
2363,27.1902161,0.00000043
2315,24.31113242,0.00000047
2364,22.51615046,0.00000051
2365,23.5848445,0.00000047
2366,22.9976287,0.00000046
2367,20.97831678,0.00000052
2368,20.72511,0.00000051
2369,31.87540913,0.00000047
2370,30.22812729,0.00000042
2371,29.97013736,0.00000043
2372,29.57976116,0.00000042
2373,28.3029269,0.00000041
2374,26.1290218,0.00000042
2375,30.4734682,0.00000042
2376,29.30930944,0.00000042
2377,31.84012717,0.00000042
2378,30.50091733,0.00000042
2379,30.67590336,0.00000042
2380,30.4573445,0.00000044
2381,24.64582106,0.00000047
2328,40.88190592,0.00000055
2383,30.44685568,0.00000048
2384,34.95427167,0.00000048
2385,34.60668188,0.00000048
2386,32.06592416,0.0000005
2387,26.82049205,0.00000051
2329,31.81918099,0.00000057
2389,30.37264501,0.00000054
2391,31.45830199,0.00000056
2330,33.05838714,0.00000063
2392,35.52287798,0.00000057
2393,35.72624997,0.00000058
2394,32.75520507,0.00000067
2396,27.74045735,0.00000068
2397,28.96267532,0.00000069
2426,13.07369986,0.00000043
2427,17.98408682,0.00000044
2428,7.94752761,0.00000044
2429,10.12536487,0.00000044
2430,8.03888216,0.00000046
2431,5.26639221,0.0000005
2432,15.29229869,0.00000041
2433,16.66182156,0.00000041
2435,17.36369332,0.0000004
2436,14.80942514,0.0000004
2437,16.97132866,0.0000004
2438,18.67815784,0.0000004
2439,25.56040482,0.00000041
2441,17.41714025,0.00000042
2442,22.27480693,0.00000039
2443,21.20871297,0.00000039
2444,21.15997611,0.00000039
2445,23.26516834,0.0000004
2446,22.14542701,0.00000039
2447,21.86376693,0.00000039
2448,20.60540987,0.0000004
2449,24.2120247,0.00000039
2450,23.27193841,0.00000039
2451,28.82129953,0.0000004
2452,24.45662371,0.0000004
2454,25.52189066,0.00000042
2455,24.53068578,0.00000042
2456,22.99095532,0.00000043
2457,25.95906903,0.00000042
2458,26.57624165,0.00000041
2459,29.45491575,0.00000042
2460,29.00083941,0.00000042
2461,30.97222206,0.00000045
2462,31.953898,0.00000043
2463,31.01819053,0.00000042
2464,29.87122999,0.00000045
2465,30.72090795,0.00000046
2382,32.28506528,0.00000053
2466,31.30585072,0.0000005
2467,33.67122666,0.00000049
2468,33.8265732,0.00000048
2470,32.47186307,0.00000052
2388,25.72413404,0.00000054
2471,29.53004203,0.00000053
2390,29.05656901,0.00000056
2472,29.213738,0.00000055
2473,35.56604053,0.00000068
2395,34.97026353,0.00000085
2474,32.25312939,0.00000069
2491,4.81021492,0.00000043
2492,4.61500789,0.00000043
2493,4.56894189,0.00000044
2494,7.54947498,0.00000048
2495,7.18270826,0.00000066
2496,13.25836373,0.00000043
2497,10.83638205,0.00000041
2498,22.7389872,0.00000042
2434,12.27902436,0.00000041
2499,17.35111355,0.00000042
2500,13.79429763,0.00000041
2501,12.88742513,0.00000042
2502,15.28463738,0.00000042
2503,15.98394886,0.00000043
2504,11.48655965,0.00000043
2505,15.5369346,0.00000042
2506,18.2461139,0.00000042
2507,19.68634064,0.00000042
2508,16.9015185,0.00000041
2509,14.49595376,0.0000004
2510,17.28795885,0.0000004
2511,19.2836408,0.00000041
2512,20.59013659,0.00000041
2514,21.92698184,0.00000044
2518,15.67011146,0.00000045
2519,19.97844163,0.0000004
2520,21.6147349,0.00000039
2521,21.35874266,0.00000039
2522,21.32853177,0.00000039
2523,24.30843551,0.0000004
2524,22.16905792,0.00000039
2525,22.04815292,0.00000039
2526,20.78985391,0.00000039
2527,24.75401213,0.0000004
2528,23.23491939,0.0000004
2529,22.5661944,0.0000004
2530,22.89244358,0.0000004
2453,22.04880674,0.00000042
2531,23.41876667,0.0000004
2532,23.34920981,0.0000004
2533,30.31538763,0.00000043
2534,31.04101276,0.00000044
2535,29.30469078,0.00000044
2536,35.06814509,0.00000048
2539,35.03427005,0.00000052
2475,32.28860639,0.00000077
2476,35.34762139,0.00000088
2540,4.62976067,0.00000044
2583,6.33359109,0.00000045
2664,0.4455779,0.00000042
2541,5.89995846,0.00000046
2542,9.63601657,0.00000044
2543,9.01991578,0.00000044
2544,11.07155303,0.00000043
2545,16.91371913,0.00000045
2546,10.80309586,0.00000043
2547,10.60003733,0.00000042
2548,13.4418015,0.00000043
2549,13.1741981,0.00000043
2550,12.65146101,0.00000043
2551,13.04856547,0.00000042
2552,19.51403978,0.00000042
2553,17.2331585,0.00000041
2554,14.12853896,0.00000041
2555,16.22978298,0.00000041
2556,18.57713498,0.0000004
2557,21.18587252,0.0000004
2558,20.64342271,0.00000042
2559,18.22901376,0.00000042
2560,18.34283997,0.00000042
2515,10.80539956,0.00000045
2561,18.67057192,0.00000041
2562,18.04774845,0.00000041
2563,18.44161243,0.00000042
2516,10.94731652,0.00000045
2564,13.66234649,0.00000043
2517,12.91325648,0.00000046
2565,17.58538046,0.00000042
2566,21.80097339,0.00000042
2567,20.42088495,0.0000004
2568,20.38210571,0.00000041
2569,21.5460133,0.0000004
2570,18.87176736,0.00000039
2571,20.51919652,0.00000039
2572,21.6519963,0.00000039
2573,20.94278191,0.00000039
2574,21.7032351,0.0000004
2575,23.39926207,0.0000004
2576,23.02187812,0.0000004
2577,22.20704789,0.0000004
2578,26.02979163,0.00000041
2537,37.56704533,0.00000053
2580,30.70943218,0.00000052
2581,36.41743284,0.00000052
2538,36.40080125,0.00000052
2582,33.79854973,0.00000053
2584,6.43102093,0.00000046
2585,7.49340671,0.00000047
2586,6.08203557,0.00000046
2587,6.72905723,0.00000048
2588,6.7663565,0.00000048
2589,4.42351212,0.0000005
2590,7.46301868,0.00000045
2591,6.3673205,0.00000048
2592,11.09396227,0.00000055
2594,14.772996,0.00000045
2595,15.5309827,0.00000041
2596,17.24040169,0.0000004
2597,16.9398276,0.0000004
2598,21.98499248,0.00000041
2599,19.06749253,0.00000042
2600,18.6206255,0.00000042
2601,16.84308034,0.00000042
2602,18.49496381,0.00000041
2603,18.73306775,0.00000042
2604,18.56240078,0.0000004
2605,18.58695068,0.0000004
2606,17.66841858,0.00000041
2607,18.7877115,0.00000041
2608,19.49001449,0.00000044
2609,17.72158852,0.00000042
2610,20.19888939,0.00000042
2611,20.96277554,0.00000041
2612,21.15294939,0.00000041
2613,20.75036267,0.0000004
2614,21.8164539,0.0000004
2615,21.1134274,0.00000039
2616,20.55170541,0.00000039
2617,22.26214636,0.00000039
2618,22.04401033,0.00000039
2619,22.07181932,0.00000039
2620,23.45295003,0.00000041
2621,22.70298974,0.00000039
2622,22.25998816,0.0000004
2623,21.82343345,0.0000004
2624,21.57192857,0.00000042
2625,22.26026578,0.0000004
2626,23.06191833,0.0000004
2627,22.79181592,0.0000004
2628,22.40870415,0.0000004
2629,21.95450489,0.00000041
2630,22.48522235,0.00000043
2631,22.84552242,0.00000043
2632,26.05658245,0.00000043
2633,27.36544319,0.00000043
2634,26.05331505,0.00000041
2635,26.19440171,0.00000041
2579,30.16773734,0.00000052
2636,26.18758872,0.00000042
2637,25.97374072,0.00000043
2638,27.10473972,0.00000042
2639,27.0502087,0.00000042
2640,31.13564143,0.00000043
2641,29.9728884,0.00000043
2642,27.82172539,0.00000044
2645,31.47444037,0.00000057
2646,28.64015694,0.00000054
2647,30.65240495,0.00000054
2648,33.15752181,0.00000055
2651,35.14169173,0.00000071
2665,0.64040134,0.00000047
2666,7.13785961,0.00000048
2667,6.91467478,0.00000047
2668,7.09189372,0.00000048
2669,7.02722382,0.00000051
2671,5.48764159,0.00000047
2672,6.53757754,0.00000048
2673,11.06937645,0.00000052
2674,10.12637341,0.00000044
2675,9.46138957,0.00000042
2676,14.70612964,0.00000039
2677,18.49128164,0.00000039
2678,18.76885064,0.0000004
2679,18.89601254,0.0000004
2680,17.59016379,0.0000004
2681,19.94990264,0.0000004
2682,19.89603455,0.0000004
2683,22.69894468,0.00000041
2684,20.5385347,0.00000039
2685,20.99503128,0.0000004
2686,22.55982837,0.00000039
2687,21.94466333,0.00000039
2688,21.63612329,0.00000039
2689,23.5021482,0.00000039
2690,22.91983651,0.0000004
2691,22.46872128,0.00000039
2692,22.32588781,0.0000004
2693,23.10065065,0.0000004
2694,22.26569287,0.0000004
2695,22.84152802,0.0000004
2696,22.72218082,0.0000004
2697,22.30385705,0.0000004
2698,22.80101441,0.00000042
2699,23.57891942,0.00000043
2700,23.65076642,0.00000043
2701,25.45394533,0.00000043
2702,27.51200718,0.00000044
2703,26.22187214,0.00000042
2704,26.00706735,0.00000041
2705,26.20418075,0.00000043
2706,25.92560973,0.00000043
2707,27.09178974,0.00000042
2708,27.54827071,0.00000042
2709,29.51194521,0.00000041
2710,31.79281533,0.00000042
2643,27.00966236,0.00000052
2711,22.90736631,0.00000045
2644,29.54234934,0.00000076
2712,33.13833634,0.00000057
2713,36.78138419,0.00000059
2715,31.31246675,0.00000055
2716,29.78431257,0.00000055
2717,30.00079936,0.00000055
2718,29.82420345,0.00000056
2719,33.64697726,0.00000058
2649,41.38474526,0.00000067
2650,33.80270373,0.00000085
2652,34.83556973,0.00000083
2653,33.39189973,0.00000092
2654,32.83640873,0.00000104
2739,0.00360635,0.00000042
2740,6.36947961,0.00000047
2741,6.61053168,0.0000005
2742,7.83249773,0.00000051
2745,6.11465456,0.00000048
2746,12.02565936,0.00000042
2772,7.94775439,0.00000051
2747,13.43570363,0.00000041
2748,14.62136271,0.0000004
2749,13.24330373,0.0000004
2750,16.32669974,0.0000004
2751,21.365698,0.0000004
2752,20.95280505,0.00000039
2753,20.88301825,0.00000039
2754,19.95804462,0.0000004
2755,21.82867564,0.0000004
2756,22.76611063,0.00000039
2757,22.89483913,0.00000039
2758,29.54248622,0.0000004
2759,28.61062125,0.00000041
2760,25.85357336,0.00000043
2761,28.14974953,0.00000046
2762,29.99528591,0.00000049
2763,32.40994684,0.00000051
2764,35.34637093,0.00000052
2714,31.76325765,0.00000055
2765,33.0760969,0.00000055
2766,30.78079315,0.00000056
2767,31.43955447,0.00000058
2768,32.14512044,0.00000057
2769,31.6472814,0.0000006
2797,-0.72941727,0.00000044
2798,-0.00065282,0.00000045
2810,-1.52816824,0.00000043
2799,3.81921814,0.00000046
2821,0.9433539,0.00000054
2822,1.27241394,0.00000054
2823,3.10614387,0.00000054
2825,5.37576375,0.00000058
2743,3.99959371,0.00000056
2744,1.06283365,0.00000054
2827,4.67764096,0.00000052
2828,4.7297895,0.0000005
2829,4.14286955,0.00000048
2773,9.51950833,0.00000049
2774,13.56412751,0.00000045
2775,12.24007397,0.00000044
2776,17.50887002,0.00000042
2777,15.58366942,0.00000041
2778,14.4893506,0.00000041
2779,15.80645364,0.00000042
2780,15.86688361,0.00000041
2781,17.72193602,0.00000043
2782,17.6836769,0.00000042
2783,18.47716795,0.00000043
2784,20.86230861,0.00000045
2785,15.84740082,0.00000044
2786,19.96042996,0.00000038
2808,28.49560768,0.00000041
2788,8.02622439,0.00000068
2789,16.28253002,0.0000005
2790,13.12208087,0.00000043
2791,12.65460692,0.00000042
2792,17.12943475,0.00000042
2793,16.02135754,0.00000042
2794,15.60998356,0.00000042
2795,15.37342063,0.00000042
2796,17.76617387,0.0000004
2906,16.71980418,0.0000004
2907,16.13991113,0.00000042
2787,9.67399239,0.0000008
2802,14.83175391,0.00000043
2803,13.24478289,0.00000043
2804,12.48916393,0.00000043
2805,16.80922249,0.00000042
2806,17.06211054,0.00000042
2807,17.75029066,0.00000042
2868,12.76084577,0.00000041
2905,19.8052911,0.00000042
2811,-0.46851091,0.00000044
2812,-1.77389561,0.00000045
2813,-1.20151615,0.00000045
2814,1.12845792,0.00000045
2815,2.3418308,0.00000046
2816,3.35104541,0.00000046
2800,13.67046393,0.00000045
2801,12.59963298,0.00000043
2830,13.44436908,0.00000045
2831,12.61514387,0.00000044
2832,12.95290086,0.00000043
2833,12.16927153,0.00000042
2834,16.00356855,0.00000041
2934,17.0642853,0.00000041
2940,18.78566249,0.00000041
2947,16.88003209,0.00000042
2982,17.30908225,0.00000042
2840,-0.10747148,0.00000043
2841,0.37280874,0.00000043
2842,1.265485,0.00000043
2843,0.40744709,0.00000044
2844,-2.30966978,0.00000044
2845,0.23800979,0.00000045
2846,1.24427204,0.00000046
2817,2.05097641,0.00000058
2847,1.01131821,0.00000046
2848,-1.05186472,0.00000048
2849,0.17561489,0.00000055
2824,14.60996181,0.00000058
2850,0.67961188,0.00000055
2851,22.65138379,0.00000064
2852,6.44994484,0.00000055
2853,3.5862697,0.0000005
2854,10.72584609,0.00000051
2857,13.97209735,0.00000043
2858,13.19099254,0.00000043
2859,10.59438445,0.00000043
2860,11.02029145,0.00000043
2861,12.78472748,0.00000043
2862,11.04115002,0.00000044
2863,16.66942502,0.00000045
2864,14.15891821,0.00000044
2865,14.56805355,0.00000044
2866,17.4331056,0.00000044
2867,18.64145955,0.00000044
2884,1.40574701,0.00000043
2968,-5.27410684,0.00000043
2885,0.97499407,0.00000043
2886,0.15535921,0.00000045
2948,-0.32381069,0.00000044
2887,5.83483289,0.00000065
2936,3.95404085,0.0000005
2855,7.11246027,0.0000005
2888,8.77249492,0.00000047
2856,9.21618039,0.00000055
2889,10.92998352,0.00000046
2890,9.76914634,0.00000042
2891,11.53767138,0.00000043
2892,12.06051412,0.00000044
2893,13.29210705,0.00000044
2894,15.42029002,0.00000044
2895,13.69598797,0.00000043
2896,14.26780483,0.00000045
2897,14.33367984,0.00000042
2898,13.97048976,0.00000042
2899,13.60022268,0.00000042
2900,11.17880763,0.00000044
2901,22.7433447,0.00000044
2902,17.67812078,0.00000042
2903,16.87264677,0.00000042
2904,17.06024818,0.00000042
2941,11.12753102,0.00000044
2946,7.97894789,0.00000048
2922,14.17822793,0.00000041
2942,9.40456115,0.00000041
2923,14.43644977,0.00000041
2924,14.47455556,0.00000041
2925,22.05924639,0.00000044
2926,17.70857388,0.00000042
2927,16.96219069,0.00000042
2928,16.45008029,0.00000043
2929,20.48287019,0.00000044
2930,15.77846815,0.00000043
2931,17.6242897,0.00000042
2932,19.41055347,0.00000041
2933,18.17777335,0.00000041
2937,17.48093234,0.00000041
2943,17.87355013,0.00000041
2938,17.4887075,0.00000041
2939,17.92293357,0.00000041
2935,5.02521086,0.00000055
2944,19.16752385,0.00000042
2945,19.25678972,0.00000043
2950,11.61769382,0.0000005
2973,17.25450011,0.00000044
2988,14.77586156,0.00000046
2949,-1.46090172,0.00000049
2956,-0.82687372,0.00000046
2957,-3.19998072,0.00000046
2969,-5.51353573,0.00000044
2958,-4.55834872,0.00000046
2959,-4.38685573,0.00000048
2970,-3.04362573,0.00000046
2971,-3.57644373,0.00000046
2972,-2.40652573,0.00000047
2990,0.0283624,0.00000045
2991,-0.41278358,0.00000044
2992,-0.76741553,0.00000045
2993,-0.1084943,0.00000045
2994,-0.22287844,0.00000045
2995,0.56419329,0.00000044
2996,0.48128617,0.00000044
2980,-6.03543374,0.00000046
2997,0.86710879,0.00000045
2998,-0.61289281,0.00000045
2981,-2.94442674,0.00000048
2999,1.44173024,0.00000046
3000,0.92554622,0.00000046
3022,17.80249249,0.00000046
3077,12.74516357,0.00000045
3001,0.2006814,0.00000044
3002,-0.2911316,0.00000044
3003,-0.66228956,0.00000044
3004,0.2058073,0.00000044
3005,-0.0648336,0.00000044
3006,0.01842347,0.00000045
3007,1.12620631,0.00000045
3008,8.33994062,0.00000047
3061,5.63595062,0.00000045
3066,7.03637848,0.00000046
3070,6.894805,0.00000046
3087,-2.33360287,0.00000048
3055,4.99584545,0.00000045
3049,6.78772236,0.00000045
3015,2.67212627,0.0000005
3023,6.40669837,0.0000005
3033,7.3042325,0.00000048
3043,7.17630051,0.00000047
3009,13.11774232,0.00000051
3016,2.25989146,0.00000051
3017,8.56444857,0.00000049
3018,8.28134057,0.00000048
3019,9.17463361,0.00000047
3010,12.85513392,0.0000005
3011,11.70962483,0.00000049
3020,8.8995987,0.00000048
3012,9.49870489,0.00000049
3021,7.38573278,0.00000048
3013,14.82196422,0.00000049
3032,13.98961194,0.00000048
3014,15.04256735,0.00000051
3024,3.81080339,0.00000049
3025,4.36742849,0.00000052
3026,6.29131147,0.00000049
3027,8.80243764,0.00000048
3028,6.32521471,0.00000048
3029,7.4640755,0.00000047
3030,8.34990158,0.00000048
3031,15.330503,0.00000049
3041,13.71379534,0.00000052
3042,16.3213034,0.00000051
3054,13.17508078,0.00000046
3034,6.48399473,0.00000047
3035,5.82567372,0.00000048
3036,8.68968325,0.00000047
3037,10.04534932,0.00000047
3038,12.74362938,0.00000048
3039,14.19790101,0.00000052
3040,14.34743702,0.00000048
3044,5.35712955,0.00000046
3045,5.15241012,0.00000047
3046,8.57977919,0.00000047
3047,8.92901418,0.00000046
3048,13.71493302,0.00000048
3053,9.84269409,0.00000046
3050,6.14873711,0.00000046
3051,6.67762409,0.00000046
3052,5.21054414,0.00000046
3056,7.09112776,0.00000045
3057,9.53925814,0.00000046
3058,8.09853215,0.00000046
3059,10.68150024,0.00000046
3060,10.42452297,0.00000047
3065,10.58492475,0.00000047
3073,12.56897675,0.00000047
3062,7.99700449,0.00000045
3063,9.06808962,0.00000046
3064,9.74791366,0.00000046
3067,7.87933861,0.00000046
3068,8.22698667,0.00000046
3069,9.2916697,0.00000046
3071,4.71777074,0.00000047
3072,7.14580571,0.00000046
3074,4.33766186,0.00000047
3088,-1.72817589,0.00000048
3089,-0.51099481,0.00000048
3090,-0.03911806,0.00000047
3075,9.08415384,0.00000048
3076,8.27837411,0.00000047
3078,12.33855158,0.0000005
3079,9.85333202,0.00000049
3080,8.80434911,0.00000048
3083,6.680699,0.00000048
3081,12.08304467,0.00000046
3082,12.05212862,0.00000046
3111,20.20546961,0.00000051
3084,9.43236416,0.00000047
3107,9.25565765,0.00000048
3108,15.28631964,0.00000049
3136,10.81268066,0.00000048
3137,11.71831663,0.00000048
3109,14.88759763,0.00000049
3110,15.03525862,0.00000049
3085,8.17502911,0.00000048
3086,7.62888617,0.00000048
3118,1.71381566,0.00000048
3101,5.72547127,0.00000048
3102,6.77596249,0.00000048
3103,8.14207016,0.00000048
3104,5.94674442,0.00000048
3105,5.76482912,0.00000049
3106,8.87285391,0.0000005
3098,7.72210088,0.00000049
3119,2.22672247,0.00000049
3120,4.39768929,0.00000049
3121,8.46496397,0.0000005
3099,7.93766766,0.00000048
3100,7.32856728,0.00000048
3091,-0.07906058,0.00000051
3093,-2.67651894,0.00000048
3094,-2.10089689,0.00000048
3095,-1.19197982,0.00000048
3096,-0.49645814,0.00000048
3097,-0.58118607,0.00000049
3092,-0.91845863,0.00000054
3112,-2.36728146,0.00000049
3139,-5.33001544,0.00000055
3113,-2.27406274,0.00000049
3114,-3.47351296,0.00000049
3115,-2.88279907,0.00000048
3116,1.03181887,0.00000051
3117,-0.03064953,0.00000051
3122,7.05320194,0.00000051
3123,5.93926597,0.00000051
3124,4.2849422,0.0000005
3125,5.67730368,0.00000049
3126,7.89554677,0.00000049
3127,7.81510983,0.00000048
3128,6.68066347,0.00000048
3129,6.84599275,0.00000048
3130,8.21979689,0.00000048
3131,7.681107,0.00000048
3132,6.72642289,0.00000048
3133,6.58741299,0.00000049
3134,8.76882901,0.00000049
3135,9.84394236,0.00000049
3138,15.23114063,0.00000051
3140,-0.89080832,0.00000051
3141,-2.64191811,0.00000048
3142,-3.56748713,0.0000005
3143,-0.21850517,0.00000052
3144,-0.19647741,0.00000052
3145,-0.66305645,0.0000005
3148,5.96290352,0.00000047
3146,7.46871789,0.00000048
3147,5.77587103,0.00000047
3149,6.63368959,0.00000048
3150,6.30922255,0.00000049
